    6874
    6621
    5333
    8016
    1650
    5101
    6797
    1984
    8148
    5841
    5245
    6720
    3022
    3712
    2348
      92
     676
    5156
    2006
    9002
    5319
     875
    4776
    3852
    2278
    7272
    1402
    8800
    5604
    8529
    5404
    9079
    6590
     134
    4048
    7132
    3568
    6437
      89
    2487
    4483
    4455
    6069
    8656
    9511
    4306
    9163
    8410
    2114
    4326
    2672
    7942
    1524
    7992
    9106
    5586
    6203
    8040
    1838
    8551
    2961
    4753
    7406
     305
    4623
    6939
    5183
     301
    4784
    7706
    2045
    8510
    5183
    8200
    5731
    8837
    2046
    2578
    2227
    9846
    6681
    3239
    3989
    8323
     400
    4000
    9120
    9450
    4909
      38
     435
    6388
    4382
    2628
    1101
    7382
    2108
    4749
    9059
    5767
    9101
    9422
    6513
    1377
    1595
    1485
    5726
    7852
     477
     276
    4484
    5482
    3707
    9402
    2294
    8984
    6782
    6594
    2271
    9632
    9541
    3788
    9533
    2479
    4404
    1465
    2211
    8962
    2027
    6939
    4515
    1565
     897
    7894
      33
    3787
    2727
    3234
    8341
    8571
    2024
    7348
    9956
    6295
    8084
     582
    8862
    9590
    5484
    3682
    1819
    8557
    1921
    8108
    3292
    7515
    3943
    2256
     811
    3410
    5248
    3823
    6688
    3388
    4549
    5402
    9273
    6834
    8960
    5384
     892
    6649
    1311
    9384
    3341
    7757
    1751
    3318
    2584
    8862
    2810
    9414
    4400
    6628
    2361
    2570
    5221
     921
    7596
    9498
    1371
    2589
    2603
    6848
     349
    6900
    5363
    3138
    1315
    2525
    8460
    8432
    7251
    4258
    1958
    4334
    8367
    5523
    1168
    5390
    4942
    7133
    8677
    9532
    2626
     116
    5846
    1183
    1008
    7881
    5762
    1735
    5481
    7181
    4080
    1516
    7860
    4603
    3328
    9443
    2553
    7710
     383
    6815
    6900
    7671
    2055
    3565
    5540
    4267
    3982
     280
    1872
    3111
    8170
    7844
    1077
    1533
    8808
    2380
    5207
    6947
    4385
    9826
    8589
    8903
    3080
    4340
     911
    2743
    2479
    1989
    1115
    3184
    4637
    4633
    5075
    2351
    5968
    9258
     406
    2353
    6973
    9270
    9284
    2691
     109
    5640
    5235
    5587
     241
    4535
    4444
    9314
     449
     271
    8642
    7445
    5845
    5129
    7246
    8949
    1570
    8080
    9599
    5821
    6053
     548
    6599
    3088
    4989
      67
    4032
    9707
    9147
    2379
    1373
    1002
    2264
    9806
     489
    7815
    7244
    4084
    1658
    7957
    4604
    4118
    7181
    6283
    7384
    2335
    6361
     613
    3242
     426
    1216
    5492
      40
    4764
    8562
    4423
     542
    8610
    5974
    4224
    6216
    5603
    9544
    4176
    6474
     786
    4996
    5285
    7258
    5437
    6605
     900
    8841
     194
    9202
    4934
    3302
     217
    1331
    3792
    6354
    2030
    4042
     599
    6342
    9897
    8457
    3812
    2329
    8513
    8339
    7484
     211
    6875
    9742
    1549
    4041
     546
     913
    4895
    2636
    4262
    1934
    8028
    6492
    8318
    6506
     232
    6120
    6456
    8281
    1716
    4491
    5277
    4790
    5302
    2901
    9187
     416
    4338
     488
    8358
    6405
    5610
    8162
    2383
    5982
    5425
    6731
    7186
     270
    5009
    2441
    9030
    1269
    8700
    4620
    4571
    2242
    6181
     394
    4461
    7185
    5988
    9965
    9669
    4251
    6868
    4626
     213
    5538
    5809
    7342
    7586
    1811
    9607
    1830
     280
    5485
      90
    1734
    1081
    1045
    1129
    5064
     888
     550
    6771
    7488
    5933
    4587
     694
    5797
    8391
     739
    4474
    8423
    3339
    1764
    3151
    2898
    8609
    7394
    2578
    1066
    1540
    4577
    8595
    4416
     934
    9545
    4394
    6099
    5507
    9327
     728
     909
    3509
    1858
     843
     503
    6783
    9757
    9258
    1422
    8014
    9843
    3800
    7088
    2363
    7856
    8175
     396
     310
    2408
    1319
    4273
    5671
    1177
    6328
    7464
    8752
    2991
    3598
    7570
    5275
     212
    8342
    8473
    5569
    1441
    9084
    8432
    6975
    3352
    6882
    8416
    6143
    5666
    9800
    7446
    2938
     343
    1826
    6014
    5630
    9370
    8366
    1588
    5947
    5817
     829
    7512
    9374
     587
    4156
    3823
    1995
    2512
    2564
    5963
    7970
    7025
    3467
    8499
    8567
    9243
    9936
    3853
     724
     373
    1846
    6755
    1069
    2309
    6066
    9948
    6132
    3032
    9682
    6817
    2366
    2778
     960
    4942
    4464
     854
    8706
    7866
    7141
    8739
    6816
    4369
    8488
    3382
    9345
    4155
    6958
    1896
    1039
     677
    9197
    4867
    8139
    6039
    4520
    9917
    2254
    8434
    2118
    6147
     530
    4741
    9726
    2498
    8993
    4520
    3499
    6184
    5938
    8525
    1689
    4386
     359
    4348
    6618
    3429
    5801
    1546
    1191
    3193
    6949
    8221
    2325
    3704
     154
    9835
     323
    8434
    7021
    7020
    5223
    2205
    7233
    4304
    2668
    6652
    3667
    2621
    1833
    6472
    1500
    4359
     879
     331
    8244
    3371
    3603
    1528
    6041
    4994
    8634
    8973
    4320
    1150
    9844
    5583
    2340
    3990
    2024
     978
    5950
    6110
    5378
    5347
    9213
    9256
    5267
     171
    4721
     964
    2813
    4307
    3746
    3840
    7603
    6317
    6798
     675
    7545
    1687
    3746
    8231
    4059
    2026
    3740
    1443
    8388
    9816
     664
      16
    9029
    8158
    9193
    7925
    9249
    9020
    9593
    9399
    9882
    1165
    6459
    3421
    6561
    2028
     974
    4632
    9215
    2884
    5744
    3446
    8719
    8754
    5132
    1989
    5320
    2760
    2876
    2875
    5778
    3803
     738
    7637
    7955
    2635
    9017
    9533
    5591
    1241
    9004
    5775
    4394
    8102
    3903
    4312
    4959
    4668
    6328
     545
    6083
    8789
    9530
     471
    4863
    1060
    1697
    4023
    5789
    9415
    6866
    5111
    7331
    2914
     450
    7946
    5217
    6474
     926
    3270
    5628
    4213
    6996
    6731
    1761
    7542
    7865
    3496
    2891
    5523
    3319
    5167
    7339
    2019
    3524
    7812
    5971
    6055
    2273
    6008
    2304
    9727
    6175
    9681
    1788
    3810
    1779
    4738
    7349
    9416
    7913
    6417
    6863
     898
    2494
    3935
    8138
    8469
    1305
     945
    6827
     341
    2178
    3934
    7588
    5442
    5058
    8037
    4803
    9089
    4448
    5069
    2689
    6257
    6240
    8081
    8561
    9593
    7091
    2856
    8407
    5061
      73
    4451
    9512
    4044
     158
    9159
    7427
    9066
     855
    1787
    2998
    1936
    5379
    6855
    1093
    4754
    2632
    8583
    8642
    7814
     137
    1100
     527
    8448
    7306
    6483
    2309
    7139
    2794
    7612
    3715
    3089
    7711
    5816
    9850
    3063
    9753
    8117
    6843
    6522
    4389
    8477
    5215
    5623
    4874
    1932
    9440
     562
    3058
    4771
    6853
    1271
    7962
    1536
    9790
    3872
    6444
    2634
    4353
    9003
    6147
    7559
    2848
    8100
    7569
    2500
    2493
    1828
      21
     302
    4636
    7032
    3905
    1340
     132
    3352
    3161
    5595
    5040
    1953
    3393
    2145
    3130
    7072
    3179
    3075
    6666
    7241
    4138
    4945
    1152
     778
    8113
     944
    9497
    2549
    9633
    2943
    4106
    2199
    5099
    7107
     472
    4055
    3261
    2396
     374
    6074
    9535
    3401
    8151
    4960
    4158
    7996
     187
    5218
    1310
    7258
    3292
     743
    9549
    1235
    8467
    1834
    3819
    6414
    4932
     465
    8815
    4748
    9646
    9004
    2087
    2197
    4454
    6188
    3625
     900
     784
    9752
    6804
    4889
    9711
    5623
    9696
    8236
    5244
    6315
    9435
    2039
    1357
     810
    8409
     559
    6273
    7491
    6898
     656
    9135
    6959
    9538
    4520
    4166
    2046
    5293
    4823
    5254
    1625
    2983
    2454
    7429
     646
    4346
    6028
    5068
    3118
    6117
    5203
    7563
    8153
    5681
    2132
    6215
     186
    2649
    9209
    9417
    4046
    4598
     894
    9040
    1002
    3554
    1679
    6497
     307
    8902
    7927
    1312
    6559
    4290
     218
    5284
    8474
    5582
    7990
    1179
     936
    5480
    7075
    3050
    3607
    3742
    1322
    3494
    6337
    2009
    4565
    1699
    3119
    9673
    5819
    3500
    7461
    8589
    4784
    2633
    6562
    3407
    4758
     477
    3034
    8782
    7701
    8371
    6903
    2552
    2960
     164
    1922
    1165
    7322
    8478
    9459
    3024
    7493
    6490
    6442
    9921
    4576
     571
    2932
    5596
    5288
    9229
    3543
    6966
    2095
    6067
     460
    2091
    3207
     549
    1669
    3634
    2697
    2571
    4727
    9737
    1185
     246
    1171
    9579
    4223
     437
    4116
    2933
    7289
    9984
    9964
    1037
    7374
    3454
    4128
    4529
     257
    5656
    1550
    2459
    3148
    5452
    9589
    9347
     828
    7565
    3315
    4857
    3452
    4105
    2120
    2308
    8268
    1407
      78
    2036
    4230
    8041
    2742
     262
    3827
    9832
    2860
    1430
    7283
    9697
    2727
    7986
    4779
    9654
    6100
    3322
    5408
     439
    2158
    5078
     249
    9747
    2173
    3827
     366
    9880
    6723
    3384
    2720
    7832
    1335
    6760
    9631
    8172
    4621
    2963
    9129
    7843
     640
    2465
    7131
    3819
    3209
     175
    4182
    8853
    6060
    4997
    2644
    8827
    2716
     838
    2341
     686
    1818
    1798
     208
    4645
    8608
    1078
    9838
    5744
     971
    6800
    6285
     494
    4581
    6737
    5923
    4519
    6790
    9900
    6643
    7671
    7746
    3503
    6956
    1221
    6011
     605
    7955
    1020
    5328
    5264
    4297
    5706
    2732
    3031
    6927
    3959
    9290
      45
    5432
    1825
    2555
    3780
    4063
    2744
    9684
    5044
    8207
    8743
    4506
    6677
    8338
    1378
    3826
    1798
    5490
    1649
    7893
    4431
    9126
    2632
     132
    7440
    7920
    7363
    8554
     108
    8949
    2521
    1805
     928
    8586
    7837
    8329
    9692
    7771
    4333
    9340
    8903
    3518
     531
    4611
    2183
    5682
    8717
    1679
    5409
    6930
    8974
    3257
    5198
    3652
    3019
    1445
    7170
    7331
    1836
    1560
    5283
    5526
    2184
    3963
    3229
    4196
     410
    3424
     858
    4393
    1565
    5566
    6593
    8332
    2923
    2937
    7163
    7267
    3542
    5285
    9929
    4751
    2296
    7271
    7459
    1791
    3309
    5749
    3745
     564
    2564
    8528
    8969
    4476
    2835
     341
    3562
    4849
    4548
    3296
    1792
    5055
    1816
    6934
    1809
    3008
    7015
     923
    6357
    1005
     366
    5659
    2630
    9723
    3456
    3086
     491
     754
    7364
    1020
    3605
    6595
    5745
    4581
    4408
    7141
    4392
    1442
    2781
    9831
    3100
    5439
    2545
    6827
    8935
    7717
    4899
    8891
    6750
    5440
    6120
    2968
    5763
    5370
    2075
    3680
    6458
    3566
    1035
    6280
    7236
    6011
    5334
    3677
     957
    6152
    6584
    4115
    1557
    5586
    7926
    5711
    1115
    5500
    5739
    2227
    2378
    1386
     190
    8353
     306
    5713
    1827
    7730
    3691
    1217
    4850
    9907
    8364
    7606
    3559
    2339
    7221
    2565
    4592
    2017
    8451
    6594
    5023
    3654
    5654
    3545
    6254
    7301
    6558
    8169
     917
    4608
    4456
      26
    3999
    3862
    5877
    2587
    8507
    4065
    9456
    3915
    8467
    2847
    1033
     930
    9050
    4650
    3749
    8895
    8240
    5334
    2196
    5552
    3038
    5728
    9312
    5117
    9572
    2539
    4317
    1119
    8395
    3830
    7929
    2731
    1913
    2862
    6566
    6412
    8884
    3082
    4526
    5522
     672
    8393
    1776
    8309
    3748
    7347
    7664
    6300
     396
    1661
    7288
    9002
    3371
    4285
    4103
    2423
    3857
    8642
    5677
    6199
    8253
    3657
    9613
    4342
    8427
    4950
    3226
    5567
    2615
    1491
    7792
    6045
     571
    8300
    4733
    5554
    6719
    1643
    6583
    3093
    3905
    3266
     105
    8022
    2791
    2429
    5281
    3675
    1472
    5028
    2612
    2222
    3181
    6921
    2472
    5280
    1524
     627
    1978
    6756
    5220
    2866
    5375
    4753
    2714
    8234
    9673
    8860
    9720
    2005
    6976
    9850
    5468
    8234
    2978
    6386
    6896
    8682
    9167
    3567
    5906
      52
    6724
    8520
    9804
     634
    3179
    1201
    9385
     842
     247
    6393
    2383
     860
    9555
     861
    4100
    3216
    9725
    9149
    5991
    3066
    7037
    5174
    8542
    3890
     371
    1094
    4363
    9075
    7069
    1562
    5940
     982
    1361
    9735
    3692
    9976
    9426
    1554
    8447
    4309
     131
    6185
    8687
    7457
      59
    2801
    3162
    1790
    6853
    2763
    4098
     896
    7165
    9432
    8527
    3415
    5624
     936
    1986
     238
    7267
    5979
    4994
    5481
    4562
    8500
    8417
    9858
     132
    8907
     104
    4102
    8909
    1619
    4290
    2158
    2006
    8569
    8702
    9669
    9775
    5651
     606
    8393
    3282
    7185
    7800
    9016
    4190
    7014
    7908
    6740
    7133
    8506
    1598
    5456
    1763
    3703
    8475
    9767
    5743
    5535
    4559
    7293
    7390
    7959
    2720
    4915
    4609
    6537
    5583
    9201
    9716
    7296
    3361
    5359
    5537
    9415
    1480
    8182
    4313
     618
    1983
    7864
    6825
    4591
    8166
    6619
    6362
    2002
    1893
     786
    5869
     314
    6277
    9686
    1452
    4560
    2339
    8374
    6374
    6248
     392
    1911
    1070
    1525
    8785
    2676
    6758
    6549
    1248
    6439
     440
    2476
    1000
    8778
    3187
    1250
    9947
    7583
    2329
    8345
     666
    5868
    7943
    1742
    4459
    5739
    7597
    5604
    9699
    6456
    7728
    8146
    1025
    7912
    1437
    5532
    8745
    9082
     819
    4871
    9282
    7427
    6236
    9892
    3365
    1453
    2247
    5014
    2183
    9890
    5620
    5836
    9898
    4162
    3564
    6513
    4981
    4447
    4707
    3144
    6498
    2091
    5004
    2023
    2218
    7336
    9866
    6595
     221
    5961
    2831
    6718
    9193
    6480
    6828
    1690
    5597
    6225
    8443
    8383
    1799
    1248
    8055
    5368
     176
    8125
    5100
    7835
    5309
    2414
    3622
     723
    2408
    2851
     749
    9903
    1621
     454
    3896
    6684
    9787
    7410
    2638
    1347
    5156
    8058
    7012
    2038
    8406
    8313
     469
    6909
     771
    9169
    5036
    9033
    2556
    1726
    4008
    7521
    2745
    6429
    9878
    1572
    1288
    1862
    3421
    3722
    2081
    4071
    6003
    1167
    1747
    7890
    4145
    9810
    6540
    6654
    4029
    6155
    7182
    4368
    3312
    3567
    4439
    6927
    9050
    9277
    2409
    1305
    5677
    1166
    6311
    5349
    8415
    2402
    3351
    4170
    1205
     519
    7830
    3513
    6561
     432
    5423
    9968
    9966
     930
    9340
    1261
    1111
      58
    5792
    9409
      41
    6556
    7512
    4607
    9394
     547
    2532
    7507
    9683
    1434
    6600
    7655
    9653
    3871
    5369
    1871
    6981
     474
    3973
    8003
    7018
    1792
    2274
    4436
    6964
    7831
     820
     481
    5440
    2771
    9108
     242
    6421
    4464
    6728
    8905
    2241
    2436
    3091
    7391
    7797
    5844
    8758
    5460
     849
    6054
    3317
    9494
    2176
    3992
    6950
    5360
    7828
    3252
    8719
     574
    9979
    8420
    4922
    4404
    4489
    4433
    2271
    4322
    1899
    9753
    7100
    2252
    5618
    5967
    7045
    1358
    1435
    7285
    4972
    7639
    1658
    4745
    3585
    5599
     152
    1046
    6138
    6454
    7839
    3448
    9335
    8403
    6966
    6373
    6491
     852
    6138
     378
    8482
     818
    2045
    3520
    8945
    3216
    9191
    5295
    9525
    6396
    3413
    7310
    4640
    9818
    8118
    6631
    8388
    7656
    1666
    8385
     376
    7083
    5221
     204
    3604
    8735
    8094
    9202
    7310
    6694
    4044
    3836
     252
    9554
    3060
    5660
    7155
    6142
    5845
    6527
    8796
    1297
    6365
    1501
    4018
    2774
    4595
    6953
    7784
       7
    1975
    1583
    9761
    7901
     700
    3524
    5476
    7969
    3171
    4750
     533
    2174
    6990
     104
     944
    2460
    7746
    3247
    4967
    3474
    1512
    1601
    4000
    6067
    1023
    8365
    9852
    7566
    5084
    9579
    2977
    3022
    3430
    5337
     758
    2110
    7201
    8612
    1730
     140
    4162
    5735
    5898
     690
    6001
      58
    7010
    8950
    5621
    9741
    7495
    2812
    4988
    7389
    2957
    8399
    2448
    5840
    6708
    3400
      70
      76
    4155
    4601
    6488
    4674
    4901
    7039
    2806
    4796
     236
     315
    3190
    6153
    1062
    2921
    2497
    3221
    7211
    4755
    3742
    8424
    4926
    4199
    5763
    6314
    2477
    4028
    2686
    5086
    1347
    6517
    4094
    9902
     621
    1931
    1795
    7971
    8441
    5867
    2344
    8717
     939
    8726
    1405
    8675
    1728
    3506
    3979
    7472
    1064
    4946
    3199
    4850
    8208
    6527
    6973
    2656
    3811
    3409
    4079
    9999
     549
    4246
    5850
    2020
    6063
    4522
    6810
    7127
    3455
    7187
    7270
     839
    4933
    9269
    7592
    4783
    2723
    3346
    3533
    8558
    4317
    5920
    5552
    3613
    5701
     988
    4791
    7900
    2315
    4668
    6277
    7628
    5773
    1693
    5583
    2900
    5864
    9980
     888
    8587
    9787
    5605
    5683
    4058
    9306
    4228
    9488
    6956
    6242
    2951
    4157
    1130
     223
    6635
     938
    7084
    8515
    5429
    9929
    9422
    9520
    9962
    7552
     446
     949
    6400
    1134
    5044
    3927
    7594
    9786
     787
    6335
    4197
    9234
    4440
    1247
    6662
    1019
    8120
    3097
    6776
    5875
    3980
    9746
    1413
    7524
    4344
     507
    3367
    5731
    9791
    4579
    5945
    4707
    7215
    8740
    4029
     618
    5044
    3289
    5946
    4974
    5007
     126
    7565
    2895
    8050
    4349
    8710
    2481
    9431
    5344
    8297
    7349
    3476
    9539
    2483
    4678
    8659
    1368
    4559
    6783
    6393
    5329
    2765
    3874
    7005
    9394
    5949
    9032
    7980
    6712
    7529
    1877
     414
    9235
    7377
    3751
    8463
    1713
    8100
    7649
    9975
    9535
    1908
    8647
     583
    6258
     157
    8565
    5707
    4390
    9070
    2304
    4461
    6517
     308
    7934
    4575
    6427
     696
    4949
    2807
    1903
     897
     763
    1863
    4961
     312
     478
      24
    4580
    8566
    4338
    6872
    8162
    3053
    3663
    3012
    4205
    6033
    6259
    9448
    7869
    2990
    3963
     114
    4706
    7740
    5886
    9337
    7463
    3027
    4948
    4618
    1568
     765
    5652
    2405
    5803
    1107
    8786
    6179
    8386
    3684
    5682
    6925
    2135
    5555
    9332
    2340
    8254
    8992
    9109
    1789
    6888
    9392
    1479
    6131
    6869
    6603
     364
    9804
    8190
    9824
    5702
    8189
     321
    3010
    7313
    7206
    1384
     643
    1164
    6984
    2620
    2085
    7015
    5428
    9875
    2399
    4101
    7308
     267
    9420
     271
    9523
    2261
    2441
    2525
    6284
    4014
    4457
     184
    6486
     485
    6453
    7411
     557
    5137
     100
    7712
    2925
    6705
    7029
    5963
    7648
    3790
    4904
    4427
    1369
     305
     249
    4982
    8982
     401
    8324
    2978
    6581
    2746
    5953
    4396
    3202
    6081
    2978
    2612
    4788
    8339
     912
    4528
    7317
    2348
    8188
    7395
    1822
    3160
    2070
    6191
    8721
    6300
    1759
    1815
    4878
    8130
    1458
    1388
    1756
    9400
    2069
    6451
    5294
    7980
    6207
    9941
    4516
    1458
    2834
    6899
    2842
     231
    9889
    1488
    6031
    2703
    3185
    2894
    9970
    5538
    5196
    3188
    7422
    6855
    5236
    2356
    3887
     570
    3021
    4723
    4771
    6149
    8184
    8986
    4006
    7984
    5072
    6337
     976
     143
    3111
    9692
    1169
    1095
    2000
    8919
    5817
    1676
    6452
    3998
    3862
    7345
    3462
    3345
    3219
    7649
    3751
    7245
    2161
    3455
    7187
    2071
     459
     260
    7778
    2217
    2655
    2224
    5579
    8199
    7898
    8193
     513
    8510
    8889
    4460
    4129
     873
     779
    3893
    4191
    6911
     590
    6102
     872
    2572
    2870
    7704
    4397
     899
    7299
    8874
    1935
    2152
    9283
    2820
     534
    9254
    4317
    8640
    6624
    8067
    9184
    6372
    4123
    4567
    4797
    6043
    9487
    5900
    4413
    3416
    8069
    6408
    3240
    8850
    1847
    6410
    9142
    8760
    6661
    9914
    6192
    3703
    6052
    5393
    9208
    2213
    9062
    1335
    5983
    6299
    7823
    4472
    8137
    6240
    1043
     230
    4894
    1206
    1783
    4492
    2298
    8651
    8144
    8846
    2770
    7534
    1293
    1386
    7727
    4133
    1163
    1992
    2690
    3974
    2501
    2158
    5596
    7754
    7586
    9111
      77
    8899
    7962
    2242
    5027
    2556
     178
     800
    7022
    6945
    9783
     191
    3415
    9252
    3540
    9647
    9262
    3114
    3059
     796
    3926
    7093
    6668
    2384
    9655
     192
    9550
    4124
    3828
    3042
    9220
    7219
    9555
    9988
    2393
    4660
    2880
    1471
    1437
    4417
    8165
    4550
    2343
     624
    6813
    9080
    3564
    5667
    6680
    2696
    8540
    4837
    9518
    2024
     823
    1033
    9804
     710
    5781
    5367
    1365
    8150
    6575
    7641
    2996
    7197
    1160
    6563
    5555
    2722
    1630
    8855
    3714
    9197
    5182
    4316
    4794
    4274
    2102
    8169
    9383
    2847
    7043
    7901
    6203
    3571
    5646
    4102
    7366
    9447
     621
    8576
    5404
    8333
      50
    5023
    4149
    3539
    1672
    7051
    9868
    3638
    7810
    3683
    6997
    3428
    7356
    6622
    2073
    3729
    3889
     797
    2570
     275
    2510
    2912
    7672
    6512
    2627
    3934
    6539
    8460
    3985
    4098
    4476
    2431
    4853
    5627
    8969
    8581
    8879
    1995
    7742
    4902
    8557
    8156
    1507
    8554
    1162
    7702
    5816
    3972
    1631
    3813
    2647
    2123
    2286
    2290
    9216
     136
    9830
    6828
    3128
    2773
    1596
    4019
    6378
    7232
    5405
    4195
    7081
    5360
    3872
    7009
    1114
    9568
    1209
    1787
    2387
    8210
    6438
    9608
    8108
    4120
    9186
    3113
    4376
    9682
    2724
    1554
     676
    5460
    8001
     445
    1195
    1574
    6541
    2232
    2608
    2370
    4353
    4195
    2562
    1870
    5253
    8243
    9735
    1856
    8737
    8290
     558
    7489
    9472
    1331
    8213
    5605
    9063
    9244
    4303
    6327
    1768
    6721
    5903
    9206
    9903
    3369
    5311
    4000
    3954
     631
    5653
    8833
    8627
    1570
     556
    4829
    4884
    9655
    2053
    5447
    4140
    4995
     180
    9807
    2036
     657
    6258
    9890
    9354
    6208
    2997
    3925
    2511
    2269
    9841
    5990
    7367
    8309
    5883
    8111
    4433
    3313
     654
    1737
    8523
    8093
    2424
    1297
    3762
    5272
    9345
    1739
    9718
    6287
    8469
    5250
    1190
    3716
    6553
    2659
     869
    5471
    9379
    1760
    7871
    5427
    7555
    3956
    3065
    9153
    6640
    2584
    3092
    5876
    1436
    6658
    9279
    9052
    1504
    4331
    3817
    1811
    2502
    4854
    7332
    6995
    3379
     704
     703
    3771
    4845
    8622
    2614
    7305
    2859
    9992
     694
    6868
    1025
    5281
    6763
    8791
    4405
     753
    2421
    2650
    2433
    2213
    6171
    2845
     456
    5665
    2142
     392
    4610
    9253
    1335
    3622
    6388
    3380
    9784
    3882
    4925
    6107
    4622
    1215
    3552
    4351
    1172
    7920
    2597
    5324
    7268
    2060
    7818
    1277
    6609
    2370
    7833
    9938
    7375
    9978
    4106
    5522
    1058
    1083
    6997
    5577
    2311
    1278
    6307
    6524
    3619
    3641
    8845
     904
    7098
    6762
     701
    6115
    4667
    3177
    8758
    2156
    9366
    4863
    7480
    5079
    6404
    2039
    7665
    2888
    1044
    4683
    6276
    7082
     141
    6262
    7374
     623
    1344
    7903
    9112
    3931
    7250
    5556
     270
    3305
    7407
    7741
    2385
    6752
    9445
    4493
    7077
    8629
    6700
     962
    8105
    7072
    3759
    5355
    2292
    7514
    7219
    2683
    4315
     203
    4584
    2818
     817
    5040
    4123
    2784
    3005
    3150
    5728
    9085
    9948
    4664
    1308
    9256
    2336
    3210
    2286
    9161
    2806
    3126
    1138
    6443
    9562
    1257
    4797
    2444
    2016
    6241
    7419
    7995
    9971
    2300
     851
    3991
    4193
    1199
     554
    3885
    3880
    8000
    8705
    3791
    1423
    6627
     254
    6026
    2607
    7971
    6655
    6937
    8261
    6310
    9917
    3535
    1017
    5355
    8629
    2284
    1081
    9580
    7643
    4249
    7847
    2596
    1969
    5734
    6972
     842
    3327
    2856
    1544
    8663
    6032
    8694
    6320
    9038
    5912
    9942
    4142
     892
    6619
    2220
    8097
    5239
     256
    9007
    4089
    5100
    4046
    3357
    1318
    6504
    5822
     838
    7066
    1879
    2860
    1482
    4538
    3252
    6592
    6212
    9044
    2042
    1333
    9733
    7399
    9337
      67
    6715
    2044
    1958
    8675
    2643
    4022
     243
     898
    2753
     475
    6749
    4709
    9730
    3401
    1026
    9862
    7338
    5895
    3395
    3679
    5224
    8704
    2106
    3866
    6608
     889
     389
    5207
    8627
    4203
    5587
    4641
    4677
    8283
    6509
    3822
    9190
    1901
    5370
    1726
    4930
    5997
    9080
    7430
    8518
    3003
     455
    3557
    5264
    1525
    8999
    4521
    6574
    6697
    8058
    2403
    6690
    4968
    7059
    8064
    8939
    9082
    4708
    5046
    4725
    8038
    2688
    1525
    3551
    9686
    6985
    1867
    2949
    3239
    1529
    3446
    4367
    1048
    4838
     263
    2432
     769
    2758
    2437
    8380
    9921
    7743
    4117
     606
     713
    7637
    7148
    1639
    6282
    2097
    4769
    5722
    2390
    6180
    2296
    4834
    7917
    1068
    6020
    5512
    3011
    9679
    9273
    6539
    8438
    6084
    1540
    5327
    2493
    2470
    8934
    2062
    7074
    4435
    8844
    6175
    1469
    6621
    2692
    1267
    4283
    8030
    9368
    8512
    6274
    5312
    9621
    6318
     178
    3178
    2530
    6259
     324
    3971
    6726
    9760
    8981
    2002
    8790
    9010
    8544
     163
    8588
    7654
    6844
    7947
    9454
    1254
    6583
    7158
    6904
     911
    4848
    9063
    1022
    9403
    1484
    3609
    5774
    9148
    1941
    4222
    4280
    9648
    9802
    9616
    7658
    6917
    6882
    1528
    8421
    4605
    1609
     808
    7314
    1771
    1256
    9983
    9519
    2207
    6498
     960
     154
    8317
    4342
    7053
    1302
    8478
    8121
    4321
    4862
    9342
     352
    6113
    4714
    2975
    5407
    9766
    5476
    1289
    3390
    5445
    8073
    8964
    5200
    5543
    4676
    8864
     177
    8828
    4420
    9286
    1127
    2445
    3719
    5331
    4734
    3064
    3612
    4841
    7283
    9081
    4940
    9531
    3340
    3974
    9379
    5466
    9424
    8082
    3334
     174
    6136
    4813
    5216
    2469
    2124
    5824
    5536
    6935
     410
    1823
     882
    8699
    1350
    1735
    8451
    3085
    6144
    7513
    8774
    9348
    4942
    9322
    5930
    1711
    6695
    2196
    7745
    4579
    9827
    1455
    5807
    6563
    9611
    5390
    6229
    8324
    9114
    2874
    6961
    3935
     570
    9576
    8042
    6860
    6274
    7531
     163
    2658
    3645
    7636
    5522
    9202
    9099
    2246
    2018
    2223
    3684
     480
     212
    9420
    6987
    9594
    3901
    4616
    7921
    1035
    4419
    2104
     159
    6664
    5839
    1945
    5982
    2590
    2527
    1401
    8661
    8002
    9258
     688
    9122
    6569
    1270
     323
    8328
    7071
    4097
    8705
    7911
    6578
    8735
    5542
    7834
    6657
    4880
    6339
     401
    8304
    7208
    5402
    1922
    7067
    1919
    5387
     696
    8054
    2618
    5703
    9864
    7089
    4696
    4088
    1089
    2475
    9156
    7685
    7054
    4823
    4406
    2379
    2468
    6317
    7190
    2965
    6759
     539
    9135
    1161
    4691
    9981
    5742
    4936
    2004
    1935
    2222
    8438
    7604
    1009
    8656
    8027
    8441
    5534
    7941
    7984
    7928
    5392
    9870
    4858
    9157
    5846
    8109
    5712
    1021
    4065
    3027
    8680
    6795
     593
    1029
     817
    6965
    1187
     909
    8165
    2092
    1004
    9894
    6111
    2077
    7708
    1965
    1828
    7572
    5496
    8612
    9660
    1244
    5215
    9870
    6266
    6368
    2093
     759
    8873
    1035
    9536
    5151
    7371
    2353
    7733
    2310
    2125
    2012
    4647
    7354
    4575
    4274
    2675
    4732
    1165
    6195
    1062
    6466
    1394
    6088
     199
    4968
    8749
    6473
    3173
    2914
    3054
     999
    2794
    5270
    3152
    8964
    6071
    4367
    4279
    1299
    5323
    1721
    5500
    1350
    1810
      36
    6837
    8657
    2663
    3780
    9098
    2743
    5162
    4050
    8396
    9402
    6704
     952
    8708
    5137
    2722
    5725
    3863
    9905
    6587
    2323
    3642
    3962
    9018
    7523
    4689
    4958
    9271
    8467
    6428
     499
    8142
    8130
    6356
    9672
     633
    1959
    1323
    5524
    7930
    2270
    6322
    7519
    7026
    3328
     649
    5008
    5582
    2797
    9737
    7487
    2940
     706
    7175
    2905
    8046
     721
    5755
    7474
    6077
    4446
    8373
    3818
    6972
    4161
    7166
    1071
    6637
    7013
    4842
    4547
    9124
    2031
    2941
    3589
    9203
    6103
    3390
    4028
    4369
    5791
    6573
    7040
    6254
    1256
    5737
    7833
    4848
    9438
    1464
    7344
    7526
    6244
    4173
    1738
    2285
    6587
    1064
    2891
     623
    5608
    8908
    4886
    4487
    8742
    8184
    8489
    1490
    5760
    1356
    4005
    3124
    1348
    7482
    1804
    2681
    2312
    6096
    3819
    6350
    9810
    4913
    7691
    1377
    3924
    4163
    2326
    6765
    1591
    7794
    3957
    2976
    4436
    5466
    5113
    8336
    5546
    6694
    3639
    5966
      93
    8726
    7442
    1803
      13
    9883
    8586
     837
    2845
    4033
    9252
    8882
    7334
    7147
    1794
    8110
    6013
    9659
    1091
    7598
    4970
    9063
    3978
    4222
    4033
    8208
    5786
    5897
    2425
    8175
    3948
    5177
     671
    5066
    2065
    7759
    9155
    1291
    6174
    2291
    1447
    1417
    6458
    2245
    5387
    8697
    8555
    9830
    3669
     629
     700
    3864
    4913
    5380
    4729
    1891
    6542
    3788
    5887
    4322
    5132
    4326
    6670
    2877
    5980
    6819
    1432
    8489
    9644
    6287
    1215
    5524
    3572
    9748
    2291
    3999
     637
    1295
    4811
     135
     121
    9492
    2375
    3037
     355
    8611
     560
    7956
    2300
    7184
    1394
    3492
     483
    1818
    5060
     706
    5356
    7995
    8274
    9596
    9179
    5125
    1030
    4099
     363
    2721
    7581
    8430
    4990
    9094
    3630
    1153
    7760
    2688
    3140
     161
    9049
    5842
    1218
    7830
    2606
    8932
    3975
    7814
    9853
    9742
    6812
    6541
    1966
    9095
    6101
    4260
     660
    4470
    7102
    4150
    7383
    2099
    5417
    9476
    8753
    9458
    9033
    2050
    8939
     544
    1024
    9967
    6054
    1459
    1033
    5382
    9054
    7252
    1404
    3585
    7348
    3764
    3128
    2994
    6722
    3595
    9437
    1854
    4385
    9197
     719
    9316
    7087
     131
    1038
    7176
    4314
    9998
    2909
    1590
    9147
    3033
    5032
    7302
    4642
    2688
    1548
    5025
    6471
    2495
    5948
    4585
    1765
    4669
    4859
    6449
    9204
    3404
    6022
     719
    9532
    1483
    9359
    3329
    9564
    3455
    1536
    1224
    9950
    9769
    8794
    4459
    7527
    6074
    6084
    3092
    9112
    7518
    6102
    2355
    3692
    9551
    2598
    9029
    5564
    4081
    5281
    2971
    4590
    6162
    2697
     780
    7828
    2405
    9732
    8906
    9996
      73
    7170
     156
    1223
     370
    3235
    3411
    8183
    5396
    8902
    4768
    9680
    5693
    2796
    5880
    9559
    3698
     505
    1201
    8472
    7114
    3590
    2293
    4440
    9722
    6070
    6138
    4787
    7180
    9117
    3243
    3457
    6644
    3335
    3830
    3223
    1223
    5575
    2093
    2190
    9087
     240
    9949
    8630
    1075
    9472
    6562
    6005
      82
     644
    8742
    4974
    2090
    2685
    6179
    9068
    7630
    2465
     374
    2795
    1836
    8748
    8065
    9449
    3916
    2450
    8663
    1785
    8931
    1174
    8578
    8883
    8990
    2359
    6821
    4398
    4720
    1979
    5138
    3679
    6519
    3110
     732
    7639
    6924
    7674
    7641
    2072
    2204
    7114
    4526
    8985
    3717
     420
    4719
    5146
    9047
    5208
    2851
    8101
     372
     358
    7986
    1965
    5676
    3772
    6618
      34
    2471
    8329
    9723
    6807
    4419
    1173
     910
    9838
    7549
    5772
     669
    4989
    4297
    4791
    9058
    8161
    1408
    2108
    6891
    8390
    8233
    5331
    5949
    6420
     528
     778
    4471
    5804
    4857
    5484
    2105
    8214
    3929
    5468
    9295
     313
    2336
    7212
    5663
    3453
    3082
    7107
    7839
    9021
    9386
    2077
    1507
    6719
    3428
    5364
    3811
    1539
    2349
    2665
    8700
    9475
    8757
    2930
    4287
    2117
    6004
    9145
    8259
    4245
    7191
    5489
    4749
    8279
    3192
     317
    6807
    2751
    9073
     924
    2520
    2605
    8815
    8357
    8643
    1419
      98
    8482
    5309
    4170
    2567
    5143
    9380
    8262
    8797
     895
    8868
    4537
    8735
    3074
    8874
    1138
    1801
    6856
    7584
    6469
    8853
    9901
    5777
    7762
    5896
    1727
    8516
     531
    2157
    4649
    2604
    5377
    4687
    1720
    3693
    8297
    4214
     969
    4729
    5736
    4489
    4132
    4264
    1623
    3661
    7258
    3921
     339
    9463
    5713
    8888
    4723
    2744
    6422
    3669
    9892
    7458
    6780
    8286
    2552
    5704
    6960
    8636
    9265
    3030
    2774
    2737
    1268
    2180
    4793
    5434
     799
    5560
    6108
    3134
    9389
    2287
    9809
    2305
    8385
    3715
    4537
    8076
    9931
    7281
    4165
    2703
    1299
    8636
    7541
    5957
    8191
    9515
    3731
    1080
    7150
    8946
    9928
    9660
    2152
    8439
    4716
    9540
    3537
    7823
    6066
    9280
    8128
    7625
    1363
    7718
    2506
    3316
    2357
    9468
    6569
    4112
    2108
    7640
    1737
    3057
     262
     422
    3882
    5421
    9873
    8122
    3543
    6900
    8496
    6109
    7507
    9573
     377
    5137
    4171
    6540
    2197
    8686
    1637
    3568
    9563
    6866
    6425
    7985
    2655
    8439
    1355
    3362
    7292
    3561
    3272
      55
    4650
    4354
    9869
    1456
    5177
    4107
    5528
    5461
    1007
    8326
    8737
      67
    4281
    4767
    4494
    4061
    4666
    3277
    5988
    8982
    6297
    2786
    9132
    5944
    9778
     658
    7510
    1564
    1420
    1050
     720
    1645
    3880
    7044
    2653
    2127
    7544
    9097
     639
    3299
    3767
    8582
    8269
    9352
    3769
    9752
    7923
    8112
    7576
    1696
    6683
    1241
     205
    6645
    9660
    6411
    2281
    9579
    8045
    5025
    1466
    3948
    2194
    7879
     502
    7095
     600
    2215
    4025
    2915
    4557
    2768
    8349
    4824
    7421
     881
    7735
     628
    4651
    5524
    3281
    1551
    2485
    8081
    6449
    3560
    1808
    3647
    5863
    4536
    6714
    7127
    6130
    9951
    2754
    6197
    7605
     714
    4928
     966
      92
    6933
    6656
    3872
    4938
    8595
    7007
    5493
    2259
    8797
    1329
    8006
     467
    4703
    2389
    2504
    2166
    6269
     531
    6124
    6462
    1358
    1900
    9196
    3460
    1099
    5752
    6102
    3915
     944
    9093
    2526
    5910
    7323
     464
    2617
    5815
    4053
    3320
    7733
    4866
    7380
    4979
    9659
    6958
    2377
    8154
    1968
    9613
    1223
    7966
    2828
    7745
    3223
    1485
     605
    7018
    1811
     218
    9607
    6487
    7076
     282
    6704
     407
    1724
     795
    5887
    2870
    9843
    8993
    6641
     941
      41
    1401
    2360
    8462
    1691
    2491
    2262
    6877
    4773
    1747
    5046
    4554
    4435
     287
    1091
    3841
    4075
    2549
    1395
     451
    4896
    6810
    2471
    9906
    9382
    1619
    4455
    8230
      40
    8907
    6011
    6445
    3671
    8063
    1901
    7240
     388
    2557
    9052
    4296
    2316
    5087
    7237
    4992
    5929
    4652
    4706
    4501
     156
    6276
    8884
    9148
    3069
    6145
    3104
    6125
    3148
    6283
    6038
    4996
    5798
    8573
    5800
    8213
    1181
     581
    9609
    2112
    5090
    7986
    1923
    4031
    5795
    2397
    4875
    3295
     692
    6159
    4053
    1209
     281
    4371
    4140
    3094
     785
    8130
    5911
    5769
    5987
    6486
    5385
    9411
    4912
    1301
     164
    9075
    5121
    6383
    5312
    7807
    6739
    5650
    4352
    2271
    1627
    7924
    8802
    5754
    4117
    2459
    1024
    7467
    2521
    7988
    7290
    3768
    3032
    9221
    6454
    5814
    2266
    1056
     462
     146
    3369
    2279
    1178
    1297
    3523
    9329
    3895
    9986
    7312
    9930
    8744
    3932
    1650
    1387
     117
    2437
    1981
    2285
    5429
    9610
    6075
    8684
    2048
    8202
     227
     316
    3281
    5726
    1844
    1400
    3725
    2902
    1246
    9842
    4208
    9760
     445
    3405
    4619
    2302
    9906
     412
    1146
    2912
      64
    5436
     754
    7675
    7785
    7198
    6511
    8890
    6936
     692
     265
    5400
    4741
     877
     264
     874
    1159
    6252
    3136
    3888
    4732
    5230
    1169
    4512
    3535
    8775
    4158
    1416
    4360
    4500
     664
    5085
    9709
    4605
    5455
    5256
    6357
    9477
    5302
    3744
    1374
    6847
    7342
    4298
    2948
     722
    3897
    9307
    5628
    9826
    4215
    3423
    7412
    3316
    3137
    8041
    8302
    8956
    4795
    2127
    5232
    9036
    5782
    6147
    4161
    6032
    3593
    8519
    9978
    9749
    7007
    8039
    5945
    3452
    9292
    7183
    5186
     873
    9496
    5618
    4395
    6036
    9755
    4501
    2201
    7701
    3116
    8824
    4116
    9436
    6178
    4730
    5419
    7117
    9397
    7489
    4035
    4017
     655
    1997
    2445
    8159
    3169
    9533
    1074
    8372
    9396
    8224
    8623
    3540
    6831
    3546
    1282
    7434
    3886
    5925
    8186
    5867
     588
    5984
    1682
    7842
    1918
    9997
    6694
     936
    4115
    1994
    1284
    8028
      61
    7724
    8698
    9608
    5691
    1036
    5319
    9192
    7118
    7321
    5897
     329
    2881
    7789
    4295
    6164
    7316
     562
    2446
    1398
    4463
    8608
    7692
    1077
    4506
    5681
    5806
    3837
    3720
    4807
    2122
      68
    3257
    5455
    3968
    2394
    1362
     392
    2133
    6068
    4198
    4360
    4681
    2054
    3020
    6496
    6202
    4910
    5532
    6842
     793
    3967
     769
    3135
    4782
    3661
    5072
    1019
    3786
    5976
    3343
    7118
     707
    6934
    7332
    6701
    6707
    9720
     978
    7839
    3459
    4355
    7752
    7983
    8249
    8969
    2803
    6381
    8566
     997
    8880
    3205
    4986
    3552
    2629
    5836
    9756
    8481
    3329
    3637
    5520
    1050
    2878
    7362
    4386
    3655
    9285
    1379
    6965
    1644
    6631
    2871
    7928
    4584
    4077
    3489
    4914
    4421
    2176
    3300
    2953
    6531
    8623
    4422
     578
    7677
    9429
    7431
    1706
    2610
    4315
    7327
    4529
    6180
    9632
    2410
    6747
    3436
    5635
    9493
    9269
    2804
    4954
    3670
    6062
    1334
     948
    2223
    7872
    9000
    2711
    2554
    5093
    7613
    1199
    5246
    1339
    9086
    2051
    2711
    5188
    8922
    7261
    1533
    6808
    6837
      88
    4800
    7211
    4547
    3689
    4859
    1632
    6019
     980
    7089
    9441
    5861
    5148
    1899
    5197
    9159
    5900
    2067
    5504
    4380
    1523
    3145
    4849
     933
    6464
     351
    2036
    7629
    9353
    4386
    8927
    3332
    2410
    3362
    7103
    8454
    7542
    2096
    8889
    2301
    3289
    1468
    3766
    8632
    9382
    4885
    3426
    6130
    7411
    6793
     721
    3830
    7772
    7872
     217
    9433
    9353
      39
    6514
    3162
    3926
    8927
    2415
    9156
    5899
    6638
    7998
    9279
    8570
    2687
    4424
    5455
    1723
    6219
    2575
    6658
    1523
    4835
    5929
    4651
    4060
    3816
    5970
    7257
    9293
    1587
    2809
     342
    1159
    9188
    4685
    9952
    2974
    1572
    5865
    1729
    9645
    8246
    6968
    3614
     407
    8930
    8407
    7915
    1230
    6878
    6705
    7574
    7371
    4613
    4494
    8731
     621
    7631
    2673
    7037
    8215
     470
    2582
    1492
    8812
    6031
    5497
    3886
    7295
    9591
    5327
    1781
    6191
    2205
    7764
    9693
    8553
    4099
    3112
    2174
    6126
    6489
    9351
     447
    9236
    9245
    1454
    2621
     340
    3480
    7935
    5074
    8582
    7393
    4932
    8085
     806
    1522
    7749
     440
    9915
    3741
    7042
    2711
     796
    2442
    9352
    2452
    9038
    5056
     266
    7849
    5626
    3693
    4891
    9527
    3573
    8830
    6360
    2013
    4654
    2074
    6010
    8196
    6505
    4523
    8106
    7213
    4895
    6250
    5589
    7299
     534
    6542
     907
    3083
       5
    9051
    5535
    5550
    8194
    2844
    6363
    7451
    9816
    2156
     736
    8538
    1073
    5105
    8782
    9360
    7340
    4782
    9827
    6804
    4551
    9199
    8035
    4104
    3809
    6702
    8455
    4565
     289
    6260
    8719
     699
    2712
    5576
    7737
    6759
    3582
    8976
    7910
    4360
    3539
    7435
    4134
    6717
    6345
    4036
      74
    4921
    3825
    8308
    2884
    6918
    9826
    3341
    9766
      17
    7366
    5705
    6753
    5404
    3156
    3575
    6085
     401
    1579
    3303
     756
     766
    5610
    7131
    7852
    9524
    6704
    1546
    9023
    4033
    3739
    9188
    6871
      50
    8327
    7919
    6986
    5190
    2637
    2842
    7384
    6327
    9065
    5184
    3559
    9644
    6898
    7549
    5070
    2436
    4923
    1255
     142
    3314
    7274
    4264
     984
    7904
    3771
     801
    3132
    8254
    5729
    7148
    7286
    8373
    9431
    7590
     849
    3344
    7080
    9638
    8106
    2577
    1957
    2948
     617
    3125
    5403
    5638
    5165
    8412
    6763
    4644
    7587
    4683
    5240
    6650
     278
    2440
     231
    5369
    3079
    5233
    5870
    6037
    1151
    7365
      10
    7084
    6194
    3793
    6316
    6258
    6223
    5734
    2772
    6615
    3667
    4658
    4041
    6822
    1912
    1209
    7418
    8338
    8760
    3153
     870
    7295
    9587
    5352
    8319
    7505
    5748
    8376
     243
    5597
    6448
    5278
     389
    5276
    6050
    1498
    2887
    5733
    1263
    1009
     343
    2729
    3078
    1060
    5908
    3845
    7314
    9136
    7323
    4875
    1473
    6982
    7403
    4569
    4251
    8505
    3847
    7168
    8133
    9465
    8587
    8042
     960
     359
    8013
    6335
    2794
    3235
    5818
    4148
    6229
    8528
    5066
    8091
      20
     701
    5144
    8055
    8293
    8740
    5891
    5911
    5035
    1194
    5074
    8227
    4070
    8774
    6226
    1355
    5157
    8164
     485
    7934
    7462
    8730
    6573
    1541
    1367
    2219
    9896
    6285
    9072
    8303
    1820
    5942
    6022
    5268
    9682
    9561
    2989
    3804
    9509
    6053
    1640
    2739
    8772
    5303
     781
    4098
    6082
    4370
    7695
    1750
    5238
    1346
     109
    7720
    2776
    9249
    8760
    4602
    8487
     649
    8710
    5032
    9519
    9879
    8845
     169
    4545
    8053
    3445
    5678
    5973
     209
    3949
    3487
    2541
    9676
    3393
    9717
    5262
    3982
    6161
    6157
    9546
    3441
    8502
    5160
    2736
    5596
    3306
    1128
    6218
    7270
     472
    2292
    3745
    7128
    6594
    1502
    3846
    8029
    4715
    6572
    4253
    2830
    1831
    8480
     403
    6186
    2647
     280
    4597
    9235
    9812
    7134
    9704
    4199
    5557
    4624
     345
    8143
    1334
    1342
    6048
     790
    5577
    7117
    3311
    4654
    2807
    9508
    8712
    7888
    9411
    1097
    4851
    1562
    4980
    1620
    5818
    7607
    7927
    8230
    4289
    7787
    1116
    7278
    2373
    3701
    8758
    4082
    2861
    6973
    8854
    6932
    6367
    4389
    6364
    3308
    8871
    9353
    7875
    1015
    1588
     111
     237
     148
    4916
    7535
    7425
    2393
    8526
    1220
    4894
     327
    9712
    7104
    3236
    3515
    5031
    6555
    6950
    3565
    9375
    7951
    9230
     661
    7047
    8958
    4023
    8708
    7111
    6644
    5573
    3209
    9413
    9345
    4599
     734
    2124
    9292
    9416
    1528
    8085
    2931
     754
    3779
    7190
    9144
    9480
    4288
    6738
    7288
    8313
    1702
    8343
    8113
    5103
    3348
    1641
    2435
    3969
     238
    6609
    8087
    9550
    3818
    8553
    3704
    9889
    8088
    8508
    5104
     662
    1422
    6613
    1478
    2316
    2973
    8344
    7262
    5760
    4201
    7705
    4426
    5684
    7601
    8244
    5640
    1470
    5794
    9756
    1377
    8170
    6432
    3992
    9549
    3978
    5134
    2935
    9241
    7171
    9930
    2320
    7759
     642
    8640
    8341
    1362
    3135
    8687
    2487
     241
    8179
    4137
    7501
       4
     884
    2574
    5274
    5086
    1920
    7777
      29
    6812
    9651
    1694
    2783
    6624
    8285
    3668
    7000
     399
    6732
    9821
    8566
    9644
    9790
    7911
    8511
    4702
    7571
    1717
    1327
    7739
    9427
    2966
    8177
    5077
    5607
    4671
    3782
     521
    3404
    1760
    6987
    7130
    4881
    4441
    4411
    9344
    6677
    5566
    6090
    5850
    3474
    6813
    1613
    6791
    5251
    7744
    2027
    8225
    2439
    9813
    2798
    1393
    8496
    1093
    2915
    5998
    1314
    1970
    9234
     180
    4087
    9738
    2899
    7731
    2625
    4662
    8024
    9756
    8250
    2634
    8257
    8526
    6568
    1322
    1461
    5388
    6457
    6929
    4778
    2313
    7151
    8061
    3553
    5853
     807
    5229
    3588
    7844
    4757
    6901
    3953
    1039
    8784
    9524
    6186
    6560
    7146
     397
    2131
    7805
    3449
    1296
    5158
    8584
    9067
    7295
    7899
    6531
    1364
    3493
    1374
    7416
    6352
    9644
    7503
    1674
    1490
    9417
    2815
    7398
    4845
    5098
    3584
    4606
    7351
    9364
    5209
    1178
    2197
    9677
    5282
    5252
    2026
    4168
    3653
    6891
    1367
    5128
    1820
    3472
    1625
     695
    7565
    9368
    7000
    2354
    1290
    7405
    7591
    4408
    9601
    4562
    3625
    6078
    8368
      53
    9680
    5559
    3843
     220
    1345
    2291
    2852
    3404
      99
    7520
    6206
    8728
    9097
    4058
    2139
    2334
    6090
    3556
    4151
     705
    9259
     843
    2636
    4685
    6526
    9525
    7802
    8805
     952
    6798
    4769
    4961
    3648
    1839
    6296
    7906
    4527
    8264
     448
    4515
    3918
    4517
     603
    5101
    8837
    4076
    2858
    9805
    3828
      19
     427
    9291
    8222
    8211
    9083
    4574
    4418
    2718
    9896
    5313
    1028
    4552
     295
    9349
    7730
    3347
    9218
    1547
    5701
    8952
    8798
    4390
    8995
    8222
    2585
    3914
     871
    7966
    4204
     327
    3493
    2042
    5513
    3825
    9510
    1882
     288
     216
    9932
    1726
    8829
    2109
    7331
    4939
    5686
    5354
    9129
    7538
      51
    3714
    5448
    3820
    4920
    8795
    4370
    2143
    5003
     150
    4740
    6876
    5258
    5241
     893
    9759
     884
    6232
    2189
    8603
    1405
    9763
    5691
    9495
    2352
     462
    2826
    7612
    5636
    2297
    3766
    8557
    5806
     416
    8013
    9291
    7554
    1050
     300
    4153
    3735
    2027
    9724
    2525
    3562
    7425
    2790
    2129
     798
    7146
    7228
    5289
    8644
    4414
    5326
    3072
     551
    6273
    7961
    5927
    1436
    8841
     166
    2128
    9101
    9942
    1180
    2242
    4738
    1026
    6319
    7400
    4987
    3364
     294
    1184
     445
    9545
    9321
    7589
    6231
    5762
    8933
    1555
    3817
    7695
    8105
    9427
    2200
    6460
     525
    9133
    4071
     647
    9088
    7161
    2388
    8816
    9005
     458
    4219
    4914
    5278
    6348
    1736
    6202
     536
    9473
    4288
    3707
    8522
     268
    8556
    4991
     761
    9701
    5389
     334
     256
    2025
    1857
    7684
     580
    3772
    4995
     763
    2546
    4742
    4910
    6600
    4543
     419
    3515
    5785
    8166
    1221
    6560
    4073
    5189
    5498
    3146
    5658
    7346
    7126
    2029
    8218
    7219
    4109
    6128
    6301
    6970
     764
     102
    5087
    1190
    9957
    9465
    7921
    9352
    2179
    6220
    8577
    4916
    3208
    4659
    5351
    2846
    9794
    9011
    3041
    6049
    7408
    7767
     282
    2430
    4688
    2288
    5430
    3434
    4704
    5242
    4513
    6823
    8622
     635
    6257
    2523
    9189
    2484
    6896
    8459
    5441
    6027
    5279
    5804
    7917
    5358
    3856
     762
    9686
    5303
    5956
    2686
    1158
    7683
    4887
    2111
    4383
    4202
     551
    1065
    6637
      42
    3966
    3559
    1853
    1895
    6341
    4599
    7703
    3627
    9045
    6737
    6727
    8896
    5365
    4858
    3918
    7794
    8411
    1160
    3546
    7300
    5641
    1408
    7520
    5853
    7435
    4109
    4753
    7972
      68
    2516
    6503
    3838
    4409
    3644
    3372
    9311
    6656
    2911
    4202
    4259
    1270
    8725
    7420
    3303
    3234
    2947
    6364
    9200
    6029
    6391
    1343
    9215
    2362
    7936
    4401
    4431
    5441
    2571
    6005
    8806
    4956
    2326
     553
    1668
    8656
    2393
    3342
    1379
    3967
    7673
    8640
    8695
    1069
     513
    3358
    4508
    7308
    4686
    5838
    2447
    7134
    6736
    1358
    8504
    6166
    6830
    5712
    5400
    7269
    4532
    7783
    5399
    3319
    3826
    4768
    6741
    6154
    6175
    8015
    4482
    3707
    2896
    8196
    3117
    3746
    6167
    3569
    9150
    8832
    3995
    3203
     415
    9557
    2292
     594
    1566
    5697
    7303
     942
    5316
    8697
    2405
    8795
    9698
    5247
    3542
    7268
    6851
    4347
    1462
    7652
    8750
    4799
    9839
    7332
    4881
    6292
    2420
    2817
    6765
    2586
    1113
    8906
    8480
    8125
     989
    7302
    2156
    5409
    4982
    6017
    2992
    8591
    5251
    9652
    2481
    5333
    2281
    7371
    5315
    6767
    5937
    5874
     781
    6940
    6263
    1709
    8972
    8851
    5638
    2551
    3023
    2155
    9954
    3660
    8338
    8481
    7459
    8560
    9570
    5094
    4887
    9066
    8835
    1395
    8170
    3111
     798
    2255
    3241
    5130
    7668
    2965
    8076
    5300
    8107
    3521
    2898
    7364
    4399
    1205
    7787
    6607
    9074
    3386
    7107
    7413
    8924
    5986
    8742
    1352
    4161
    3198
    4512
    2358
    1176
    9792
    2841
    6242
    9479
    7495
    8746
    6206
    8447
    6430
     143
    5793
    4302
    9750
    2547
    6337
    6722
    8378
    4581
    3505
    8252
    6535
    8683
    7430
    5010
    3047
    1819
    6944
    9895
    2070
    6044
    5249
     662
    7594
    5927
     493
    1842
    3609
    8744
    9643
    6761
    7867
    2787
     495
    3941
    3730
    1747
    2109
    8525
    1348
    7646
    5469
    2453
    8804
    3437
    7877
    6074
    8272
    1816
    6290
    6353
    6109
    6571
    5960
    5498
    3687
    5495
    5715
    6345
    7401
    6112
    3601
    1311
    1102
    4361
    2081
     322
    6075
    5107
    5475
    1977
    8046
    8859
    1443
    7773
    2895
    5750
    4014
    1930
    9385
    7307
    1939
    1965
    2734
    2592
    7681
    4830
    5955
    4552
    5487
    6865
    1518
    5944
    2906
    2040
    6847
    6119
    6885
    1534
    6537
     748
    1660
    1194
    7397
    8898
    2172
    9673
    9029
    7959
    2956
     398
    3047
    2944
    2529
    8997
    6435
    4337
    1438
    8626
     932
    6888
    7033
    8273
     698
    8851
    4072
    1873
    4182
      90
    4589
    4272
    1930
    3901
    5893
    1788
    6294
    4955
    5572
    4747
    6528
    8355
    7260
      37
    9395
    1676
    9944
     181
    1054
    3017
     863
    4486
    9197
    7270
    7885
    3899
    9991
    2417
    2464
    2364
    1924
    8959
    1696
    5679
    3750
     687
    5946
    7071
    4402
    7829
    4933
    4764
    3544
    8405
    7275
    4148
    1485
    7774
     626
    3550
     742
     601
    2358
    6493
    4310
    8983
     925
    7271
    8009
    6861
    2846
     172
    2362
    4442
    8839
    5046
    1053
    6952
    9568
    6477
    8424
    8242
    9552
    1001
    1727
    4895
    6935
    7164
    3776
    6100
    3087
    5089
    6905
    8915
    9886
    3784
    9886
    8090
    2695
     102
    7702
    5177
    4316
    2263
    5454
    4021
    7215
    7227
    6992
    4920
    7163
    5314
    5783
    1974
    6434
    7808
    8134
    4864
    6570
    1102
    6691
    6306
    7460
    1634
    7232
    2698
    1803
    3835
    3764
    8978
    4047
    7765
    8551
    4140
     756
    1674
     811
    5587
    5293
    2846
    7602
    5498
    1842
    9316
    1397
    1006
    5698
     689
    3987
    3373
    9844
    1238
    1437
    1839
    5675
    4244
    6532
    6347
    8799
    5341
    3157
    9043
    8607
    3187
    3431
    9368
    9182
    7381
    6791
    1481
    1359
    8021
    4194
    3587
    2878
    8451
      32
     176
    3096
    1275
    1390
    1734
    5107
    4730
    4040
     598
    1027
    3516
    7376
    2328
    4021
     346
    7990
    6272
    3129
    5541
    7346
    7619
    1281
    5553
    3550
    8061
    9428
    4022
     601
    1652
    9169
    9734
    2685
    9033
    2516
    6958
    1925
    3039
    1601
    8188
     278
    4853
    1530
    9702
    1673
    2160
    4207
    3635
    4974
    2341
    2858
    4453
    7947
    1184
    3973
    6392
    5414
    1188
    5167
     171
    6790
    4717
     622
    3953
    1804
    3044
    6106
     497
    2863
    2132
    9866
    2536
    9019
    6510
    3411
    5050
     893
    7766
    2600
    1062
    3770
    6750
    9986
    7604
    4973
    7035
    2723
    5639
    7343
    8023
    2626
      80
    2949
    4332
    8731
    5229
    2429
    7674
     162
    9296
    3161
    6534
    5746
    7614
    4747
    3366
    8807
    3158
     306
    6663
    5096
    4818
    7036
    4673
    3579
    2371
    3351
    6876
    2043
     149
    9837
    7647
    2239
    9983
    7303
    8507
    3348
    5144
    1738
    1479
      11
    2789
    6301
    1138
    1525
    3938
    8467
    6080
    5831
    7545
    3033
     748
    9773
    8056
    2480
    6269
    6151
    1179
    5529
    7468
    6801
    6165
    6951
    9562
    9068
    2475
    8227
    4879
    4253
    4833
    1341
    3558
    2979
    7463
    2884
     548
    1502
     920
    4963
    5136
    1143
    6325
    8419
    2888
    6708
    6209
    9313
    6230
    6050
    9014
      75
     443
    5800
    9512
    7280
    8519
    2188
     796
    6739
    8009
    4186
    8043
    7099
     477
    4597
    3311
    6607
    1255
    9588
    1711
    7372
    6582
    9088
    4958
    9517
    3498
    4877
       6
    8790
    9124
    1175
    6740
    9032
     473
     947
    9884
    5896
    4119
    4907
    1318
    4476
    8961
    9100
    5644
    6540
     288
     567
     556
     403
    9913
    8945
    4015
    9409
    6039
    4187
    1649
    9974
     785
    2729
    7882
    6155
    4733
    5351
    1856
     167
    9119
    1480
    2402
    5467
    9069
    6858
    2591
    8648
    9748
    3254
    7417
    3331
    4664
     193
    8256
    8503
    6197
    6140
    1573
    1683
     820
    4146
    6256
    6840
    4435
    8352
    6483
    7948
     777
    6446
    6385
     735
    4964
     423
    5967
    1564
    5179
     846
    9927
       0
     369
    6707
    8950
    5014
    3167
    1074
    2273
     511
    7980
    6689
    6392
    7557
    2752
    6415
    6728
    3069
    5738
     792
    9260
     640
    6288
    1519
    2580
     963
    2425
    4257
    5692
    7456
    3825
    3260
    7582
    3969
    9870
    7324
    1778
    3971
    2497
    7420
    7165
     232
    4305
    7198
    3277
    5780
     627
    7630
    1496
    1685
    9337
    4025
    2314
    1483
    1812
    7101
    5680
    1252
    9402
    7738
    4383
    4816
    6500
    4631
    3045
     676
     129
    6234
    8790
    1099
     866
    8238
    2587
    7798
     251
    8372
     607
    5499
    6742
    6491
    1982
    4948
    3288
    1188
    6930
     573
    9104
    4190
    3380
    5484
    2517
    2912
    4851
    1063
    7329
    5007
    7682
    8072
    4588
    3631
    4689
    8524
    7469
    7964
    8978
    7367
    2043
    7847
    1857
    5296
    8416
    9381
    5105
    5183
    3402
    1056
    7292
    1997
    7299
    6522
    8203
    7437
    1989
     747
    2934
    4063
    3377
    5609
    3603
    1913
    1786
    1436
    2234
    7802
    4693
    7740
    2741
    2031
    9785
    1773
    3636
    8803
    1309
    4518
    2985
    1861
    5105
     616
    3927
    8895
    4183
     418
    6013
    3611
    7822
    9541
    8237
    8021
    9526
    4291
    6416
    9879
    6675
    6702
    1545
    6543
    2052
    3650
    2111
    5067
    3514
    4315
    1911
    3155
    5505
    4699
    9126
    8282
    2677
    8990
    3295
    3458
     788
     906
    9184
    9196
    1246
    5602
    7855
     562
    9076
    2351
    7885
    3090
    7387
    9271
    1553
    5339
    3427
    2987
    4932
    8373
    4841
    4443
    2982
    2849
    9604
    5217
    9939
    2963
    1956
    2162
    2300
    5532
    3876
    8760
    7821
    4623
    4518
    7171
    8823
    8640
    4347
     875
    9142
    2944
    6782
    1907
    6928
    9037
    4943
    5494
    8906
    9172
     908
    3940
    7277
    7280
    5509
    3961
    2812
    3961
    1281
    8770
    4716
    4761
    6505
     646
    7399
    9353
    5993
    7073
    4352
    9584
    2114
    5414
    7282
    7537
    5170
      35
     211
    6150
    7209
    5318
    7737
    3533
     834
    6036
     565
    5135
    7590
    3350
    8471
    4587
    3721
    3196
    6220
    4224
    5683
    7501
    1328
    8322
    4865
    8503
    9354
    3259
    4764
    4329
    5952
    9596
    1279
    8266
    6913
    3633
    1378
    5302
    4975
    3942
    5579
     649
    3433
    1932
    3621
    3879
    8440
    9125
    3833
    3969
     223
    1807
     467
    3797
    1610
     405
    2476
    1821
    4841
    3464
    4113
    4021
    8117
     817
    5693
    8858
    9660
    4628
    1397
    7109
    2021
    1466
    2946
    6813
    6628
    8160
    4892
    3440
    7135
    9820
    9797
    4086
    5092
    4807
    2202
    9718
    5232
    2444
    2609
    3866
    5276
    7201
    9798
    9192
    1935
    7717
    1717
    5907
     565
    8930
    5995
    6538
     619
    8867
    4910
    1353
    4497
    9939
    7710
    6573
     894
    9417
    7738
     312
    2473
    6045
    8019
    6608
    9884
    2972
     202
    6417
    3700
    2878
    4002
    6532
    4992
     924
    9053
    6436
    4905
    5558
    7033
    8186
    2476
    8401
    1585
    6196
    6158
    6447
    1286
      25
    4641
    5201
    6468
    6583
    7109
    5464
    9516
    7110
    4213
    8718
    3330
    5654
    1914
    5211
    8078
    5530
    1084
    4569
    5289
    2763
      47
     265
    5708
    1638
     233
    1854
    5096
    6089
    8713
    6216
    6714
    6503
    2881
     831
    3763
    6146
    3177
    7641
    9767
    4587
    2337
    5291
    7309
    4769
    2398
    9173
    8886
    2890
    4762
    1048
    4415
    6908
    9849
    1504
    4874
    8765
    6967
    9109
    1260
    6204
    4700
    9232
    2664
    1732
    9274
    3121
     757
    5117
    7079
    4665
    6678
    9891
    2467
    6610
    3220
     141
     773
    2605
    5727
    3120
    2232
    1764
    7976
    4603
    1661
    2432
    1411
    3517
    9653
    4846
    1229
    1321
    5244
    2666
    2824
    7975
    7552
    9505
    6228
    6790
    5920
    2966
    2928
    8822
    2244
    1512
    7900
    4423
    6581
      95
    3844
     320
    3203
    7679
    7067
    2524
    2038
    1629
    9098
    5811
    7666
     458
    2401
    1900
    6398
    5722
    3970
    2005
    5655
    1041
    5297
    9985
    7497
      62
    2976
    6028
    9134
    2374
    4957
    3892
    6276
    5553
    7521
    5714
    6845
    3686
    3024
    6912
    8086
    2438
    7527
    9464
    5902
    8931
     813
    2950
     977
    6308
    4870
    5913
    8840
    7520
    6094
    2289
    4223
    6631
    9096
    1227
    9989
    3710
    8685
    8775
     287
    8928
    1094
    5427
    5214
    3256
    5108
    7755
    3514
     720
    8878
    1633
    1568
    4185
    9949
    8155
    1030
    5339
    6753
     496
    2873
    9708
    4566
    6739
    2238
    9677
    8286
    7214
    1269
    5602
    8346
    5970
    8541
    7549
    6145
    2954
    2346
    9224
    5320
     367
    8989
    9306
    3618
     444
    2779
    7557
     962
    9924
    1052
    6288
    2035
    4105
    7405
    9799
    2518
    7251
    5593
    9642
    5717
    7176
    7553
    2988
    1848
    1003
    8410
    4308
    4745
     528
    3359
    2347
     155
    8231
    8334
    3921
    3610
    5768
    1786
    5877
    3592
    2193
    8717
    6027
    7423
    8495
    8677
    6946
    7537
    9595
    4297
    2563
    5486
    7846
    7130
    5856
    9609
     945
    4218
    4945
    7819
    4318
    6729
    3610
     784
    3513
    5194
    5000
    8471
    7369
    7505
    5893
    2854
    6902
    7490
    3862
    3564
    1359
    7131
    9744
     985
    9251
    5745
    2012
    8121
     273
    7585
     500
    5619
    3514
    5145
    5016
    7497
    1498
    3741
    5168
    3609
    8671
    5233
    6905
    9007
    4147
    7569
     481
    9103
     789
    5936
    8226
    3663
    3870
    4293
    2176
    8348
     188
    7846
    3727
    7712
     664
    5564
    6554
    4156
    6490
    4378
    1382
    5458
    2317
    8714
    8915
    7369
    9280
    3568
    6693
    6852
    1375
    2247
    9170
    6611
    9223
    7914
    2554
    3734
    3525
    4237
    1262
    4956
    7782
    4936
    6920
    5022
    1364
    6988
    5796
    7151
    3391
    3195
    8239
    9166
    4247
    7310
    8012
    4675
    6772
    8319
    6335
    6711
    2909
    2249
    3383
     616
    8821
    5531
    3253
    1852
    4744
    8325
    2686
    8941
    9687
    8432
    1977
    1098
    1449
    2958
    7393
    9171
    6261
    2215
    7970
     235
    2694
    3177
    6687
    4626
    8748
    4868
    3735
    7386
    1679
    6380
    6969
    6061
    8023
    3457
    1015
    5416
    3105
    4583
    2443
    3690
    4775
    9427
    8643
    5367
    5519
    2200
    2772
    2579
      36
    9308
    6514
    6076
    2503
    5561
    4441
    2788
    3511
    3092
     231
     839
    7599
    4218
    3587
    9074
    8138
    7226
    4239
    5875
    5372
    5065
     920
    7841
    4754
    4396
    8453
    6747
    1697
    9165
    1376
    3140
    7733
    7732
    4343
    4075
    3913
    5135
    6932
    9571
    2296
    2977
    2710
    3191
    5648
    3368
    2001
    3229
    4740
    5063
    1431
     780
    4825
    8152
    2575
    7452
    2889
     175
    2698
    5582
    3820
    6766
    8059
    8358
    5039
    6545
    6667
    6029
    2937
    8722
    7793
    9629
    4961
    6369
    6471
     565
    1730
    9500
    2480
     482
    5038
    4868
    5236
    2948
    1983
    4627
    5418
    6271
    1068
    4766
    2212
    8261
    5293
    7770
    6085
    6435
    7395
    1881
    9488
    9629
    1611
    4408
    5785
    6003
    1882
    5702
    5279
    4554
    6529
    3805
    2680
    4951
    8897
    1433
    3831
     311
    4261
    8029
    2922
    7543
    8899
    7089
    7027
    4233
    6969
      90
     433
    6482
    1893
    6463
    3827
     872
    1141
    3654
    3434
    1754
    4016
     206
     676
    1925
    3365
    8913
    4744
    1149
    5690
    9010
    7597
    3058
    7543
    1762
    3184
    1995
     107
    8742
    1161
    7085
     486
    5512
    6909
    7724
     226
    7374
    2425
    8500
    8886
    3618
     564
    6326
    7313
    7958
     679
    2852
    4962
    9583
    8599
    5479
     499
    6340
    3932
    3367
    8374
     219
    6829
    2464
    6003
    6448
    3537
    5382
    5450
     413
    1800
    4619
    2810
    1222
    3755
    2064
    1557
    7652
    2486
    5709
    7379
    2661
    5560
    2969
    5204
    2561
    5794
    8913
    1615
    8817
    5139
    3430
    1700
     775
    4282
    5012
    5698
    3206
    3426
    5182
    1228
    6014
     736
    4328
    4560
     680
    1363
    5459
    3486
    1433
    3607
    9099
    9795
    4537
    5338
    5055
    6144
     339
    4937
    4209
    7876
    3484
      51
    1689
    6974
    4716
    5536
    3255
    9203
    7004
    8816
    5502
     427
    3325
    3060
     709
    2778
     315
    7869
    1630
    1560
     488
    9725
    9245
    6976
    8464
    5836
    9276
    7137
    8354
     537
    2082
     133
    1598
    1304
    7368
    7355
    9919
    8087
    8853
    2419
    9207
    8870
    6611
    2451
    4273
    1123
    4760
    4568
    2022
    6606
    8819
      53
     246
    9190
    9132
     920
    8534
    4975
    5175
    3035
    2760
    3419
    1608
    3293
    1687
    9045
    8319
    9566
    6482
    3160
    2763
    7642
    5891
     481
    6168
       3
     141
    7269
    7247
    9027
    6585
    1486
    7684
    5669
     105
    9684
    3481
     379
    7817
    3231
    8783
    7639
    2133
    2009
    5123
    8138
    9491
    9237
    4694
    8077
    1113
    5306
    6754
     762
    4340
    6366
    9602
    6010
    4624
    2214
    6902
    8159
    5386
    3447
    5322
    4758
    3533
    1772
    9267
    4359
    6615
    6158
    5319
    3164
    4003
    8492
    2517
    9139
    2528
    1549
    9013
    6970
    3312
    8305
    7246
    6263
    8040
    7287
    9123
    8979
     800
    3339
    6402
     992
    5060
    7421
    5542
    1684
    8999
    6511
    5318
    5231
    2833
    1961
    1732
    9578
    9677
    9968
    5269
     870
    4040
     718
    1502
    2844
    2986
    5219
    6265
    3064
    3492
    3723
    2827
    4329
     899
      67
    1318
     297
     844
    1949
    1207
    2186
    3298
    4255
    5801
    3894
    6214
    5707
    2513
    4236
    9950
    4540
    6265
    6602
    5303
    6530
    5921
    5092
    2637
     781
     579
    6913
    9382
    6865
    5438
    2560
    9649
    8614
    6592
    9455
    2732
    2639
     917
    7753
     986
    4428
    7460
    2713
    8368
     678
    8052
    9625
    4064
    2283
    1759
    5336
    2618
    1651
    8260
    3160
    1398
    6255
    8271
    1145
    7274
    8233
     219
    8166
    8320
    9001
    8498
    4397
    5877
     515
    3948
    2448
    8994
    4739
    9302
    4773
    2334
    2331
    4220
    8949
    2487
    5105
    8621
    5088
    9768
    5240
    2485
      73
     976
    4602
    6993
    8778
    9696
     742
    7092
    3733
    7012
    2747
    5812
    6868
    4518
    4080
    8892
    5501
    5679
    7559
    3053
     208
     608
    5811
    9570
    4730
    5650
    7590
    6746
     175
    2480
    5460
    7516
    2930
    4069
    1516
    1490
     952
    7029
    6944
    3525
    1419
    9366
    5176
    2773
     631
    4471
    3748
    4325
    6530
    8597
    5671
    9261
    6305
    1463
    2319
    3795
    6849
     755
    7311
    4111
    1544
    7791
    4136
    7996
    5796
    6882
    7164
    4186
    1108
    4324
    5840
    8171
    6342
    6417
    3806
    6329
    7930
    8953
    9764
    4116
    8914
     386
    7050
    3138
    9145
    9940
    4187
    8758
    2217
    9268
    9707
    9676
    8067
    5323
     103
    8962
    5572
    2220
    3193
    2219
    1476
    8624
    7054
    8974
    3439
    8520
     112
     169
    5150
    2825
    7886
    3162
    6157
    1776
    3232
    8292
    9045
    3293
     381
    7645
    8177
    7518
    7154
      83
    2384
    9629
    4291
    5181
    3426
    1238
    2020
     145
    9688
    5284
    7517
    4950
    3703
    8805
    5262
    9909
    7241
     138
     503
    5533
    5557
    1686
    7475
    6913
    7595
    4354
     359
    9044
    6860
    1372
    7969
    6435
    7862
    4126
     397
    8953
    3754
    8957
    5517
    3045
    1381
    2010
     523
     206
    5757
    1460
    8584
    9420
    6948
    3629
    4195
    7286
    5272
    9675
    8236
    5740
    3189
    6821
      74
    3266
    8517
    4208
    2311
    9184
     673
    5438
    4068
     449
     128
    1608
    9287
    4205
    3577
    9687
    8155
    2040
    5139
    7266
    7308
    1928
    1452
    1463
    1775
    5011
    1745
     959
      47
    6086
    5228
    1970
     187
    6272
    6983
    1591
     305
    6762
    7823
    3674
    6018
     452
    6494
    5179
    7362
    8823
    6751
    3086
    3815
    6856
     201
    9072
     614
    5925
    4912
    9091
    3477
    4275
    7177
    3482
    6995
    1745
     574
    9318
     774
    6293
     830
    9701
    2043
    3356
    1042
    7726
    8054
    5127
    2077
     362
     107
    6047
    2699
    9165
    4458
    4185
    7965
    6952
    4085
    3596
    1369
    2842
    4682
    7551
    6047
     504
    1010
    1623
    8975
    9994
    3297
    9458
    6213
    6246
    4130
    9749
    3372
    7806
    4590
    8191
    6386
     150
    5892
    6820
    8861
    3642
    4550
    7528
    4258
    2544
    8179
     540
    1590
    9649
    5403
    6850
    6153
    5300
    8954
    6715
    5549
    6259
    2489
    2560
    3233
     365
    5935
    2163
    4155
    7088
    3149
    6775
    1526
    9198
    5967
    9514
    6974
    6333
    5489
    1579
    5316
      29
     760
    8818
    3930
    8412
    7997
    2854
    7493
    5397
    1232
    9558
    2628
    7477
    1547
    3968
    3250
    5000
     505
    1848
    7381
    5999
    8883
      59
    3200
    5041
    1230
    3754
    5969
    2712
    2126
    3329
    6248
     801
    4658
    9181
    9469
    2257
    2280
     541
    6416
    1602
    4977
    8250
    9663
    4516
    8571
    5810
    3989
    6018
    4011
    8508
    6126
    2707
    4323
    3695
    5706
    8845
    1236
    5305
    3252
     254
    7380
    6222
    9207
    4068
    3179
    4387
    9199
    8249
    6546
    2297
    1825
    7378
    8778
    5198
    4635
    1242
    3650
    6576
    1170
    7674
     333
    3793
    2022
    4946
    8146
     530
    5459
    8204
    4262
    4002
    1539
    5528
    2879
    4865
    8301
    9351
    6413
    3133
    7099
    2983
    3984
    5341
    4952
    9624
     637
     256
    4191
    3212
    3333
    5220
    2515
    5574
    1460
    7694
    9748
    7901
    4102
    2253
    6842
    5251
    7715
    2559
    5333
    9141
    9521
     526
    3480
    7312
    7918
    7626
    9436
    3418
    2752
    3067
    7671
    8763
    5651
     151
     726
    4631
    1835
    7580
    8259
     863
    9979
    2090
    2620
     212
    7694
    3437
    3497
    2168
    4993
    6307
    4600
    7443
    4267
    5588
    1927
    8925
    2562
    9741
    5360
    3619
    3069
    6141
    4178
    6190
    9047
    3353
    4103
    7795
    1945
    4881
    3126
    3036
     563
    9362
    5508
     542
    5379
    9715
    5449
    7301
    7609
    7168
    4692
    2086
    9339
     697
    9152
    2406
    7769
    1169
    3391
    6111
    3709
    7324
    2923
    2322
    3507
    6684
    2238
    7053
    8642
    1960
     227
    2776
    5238
    3394
    5324
    8050
    7853
    1213
    6323
    8276
    5386
     962
    4002
    3549
    2616
    9990
    5488
    3848
     698
     711
     999
    9315
    9946
    8477
    5375
    9478
    9700
    8665
    2018
    7328
    8998
    8525
    9794
    9376
    9091
    6737
    5361
    9183
    5332
    4648
    8392
    9846
    1680
     136
    5103
    9589
    5115
    1363
    5695
    1671
    2309
    3112
    5094
     726
    6798
    1133
    9925
    8804
    9534
    5862
    1975
    4137
    5829
    9529
      27
     768
    4561
    7014
    8793
    5786
    6129
    6696
    6795
    8407
    9627
    9298
    5029
    9919
    8896
    4125
    7950
    7909
    8531
    7991
    1842
    7652
    7376
    9167
    4029
    6543
     589
    1161
    3319
    5849
    5082
    6970
    6178
    2799
    9830
    8557
    9605
    5803
    6182
    9966
    8963
    1849
    7681
    7912
    3224
    8585
    2561
     666
     647
    3273
    2531
    6419
     712
    9521
    9779
    4738
    2822
    1101
    7196
    6367
    1510
    8492
     146
    1128
    3317
    3605
    8703
    7234
    4139
    6549
    7982
    5477
    8679
    3525
    4143
    9194
     746
    3551
    7455
    2708
    4833
    9944
    3719
    4012
    1439
    1988
    7864
     449
    4179
    2490
    4630
    1340
    8215
    9354
    4356
    7022
    6081
    7812
    6399
    7820
    6243
    3066
    1003
     255
    1315
    5005
    6212
    4484
    3669
    1597
    4879
    2406
    9731
    7907
    8280
    7610
    4507
    7067
    2736
    6504
    1903
    9239
    4904
     661
    6277
    8689
    9138
    4939
    7446
    1647
    7230
    4009
    3829
    5939
    3220
    1337
    4497
    8566
    6870
    3165
    5571
    7659
     388
    6858
    2297
    1939
    4225
    7705
    7936
    8192
    2032
    9140
    5828
    8359
    8506
    3654
    4680
    8361
    3149
    6455
     168
    6811
    8295
    8840
    3558
    6413
    9328
    6880
    3246
    4828
    6538
    5576
    6237
     638
    8303
    8476
    5138
    9594
    6977
    8080
    5213
    3246
    2382
    6479
    9708
    4032
    2449
    9771
    4831
    7485
    4013
    9661
    2320
     591
    9770
    5831
    7102
    6409
    9439
    3155
    4892
    4362
    1454
     866
     938
    5955
    7975
    7583
    2529
    1658
    3249
    6025
    1290
    8071
    6769
    7423
    1612
     711
    3591
    6662
     682
    4092
    9131
    5175
    7729
    8846
    6742
    5523
    6267
    6402
     409
    4746
    6802
    1782
    9180
    9569
    9077
    7102
    5073
    5850
     997
    6678
    5196
    6575
    8351
    8316
    7464
    8698
    2542
    3824
    1415
    9856
    2865
    7259
    3860
    8314
    4816
     247
    4063
      98
    1412
    7431
    2544
    3263
    5815
    5189
    6252
    5707
    6744
    6839
    2260
    9738
    8433
    4121
    6273
    4550
    7063
    9036
    1217
      31
    3147
    3331
    3166
    5813
     507
    3005
    4900
    3981
    6792
    9558
    9359
    8770
    4366
    4412
    7538
    3837
    7439
    5771
    3573
    3394
    6812
     100
     762
    7587
    6959
    5911
      54
    9640
    1871
    7330
    2443
    9977
    3920
    9319
    3378
    4395
    9793
    3970
    2866
    9847
    9383
    3155
    3422
    5828
    3639
    7996
    1224
    1459
    5705
    1148
    9966
    9022
    7995
    5948
    7409
     965
    5292
    7164
    8926
    8068
    8951
    6077
    7097
    7221
    5526
    8284
    2073
    3884
    4506
    1542
    6177
    3954
    8720
    2857
     313
    6044
    4972
    2746
    9085
    4924
    8504
    3013
    9224
      46
    6947
    7729
    7639
    8823
    2500
    2284
    7618
    7667
    7106
    7318
    5951
    6548
    3655
    3044
    3391
    5607
    5558
    8563
    6580
    8773
    8387
    7338
    2752
    1447
    7395
    6044
    3141
    1941
    7224
     679
    8875
    4665
    4405
    6446
    1664
    5122
    6117
    8609
     350
    3643
    3900
    8558
    2791
    9627
    3642
     992
    5691
    9490
    9543
     651
    7533
    6121
    9715
    8323
    4789
    4881
    2608
    4572
    7777
    7620
    9162
    9691
    3779
    2561
    2967
    1061
    5503
    6787
    7334
    9602
    2181
    2243
    5049
    8038
    1493
    8921
    1021
    1331
     876
     542
    2785
    7963
     224
    2782
    5660
    4195
    9375
    1085
    2591
    2903
    2513
    7765
     652
    9372
     479
    5779
    9620
     978
    8107
    9355
    8807
    4192
    9671
    8059
    8289
    2120
     273
    3595
    2177
     166
    6274
    2581
    7967
    1814
    3359
    2864
    7612
    5257
    1707
    2510
    9297
    4849
    3321
    1611
     233
    8097
    1202
    5810
    5518
    4993
    9773
    4083
    6689
    9284
    4517
    6166
     582
     826
    8187
    8542
    7930
    7744
    7486
    4670
    7701
    1972
     618
    5713
    1425
    6766
     283
    8757
    6557
    1346
    9846
    9113
    9584
    5935
    3534
    5540
    9277
    8372
    2726
     470
    8966
    4584
    3993
    2204
    2317
    9554
    6613
    1927
    9793
    6923
    6934
    8718
    1835
    7656
    3301
    3371
    5638
     571
    6437
    1099
    3361
    5822
    6847
    8625
    6015
    4937
    2816
    8899
     431
    7681
    6881
    9090
    1541
    4372
    8707
     890
    9825
    9371
    8241
    8290
    5746
     383
     522
    9365
    9257
    2757
     529
    5501
    8769
    8061
    1550
    3336
    4135
    6984
    4479
    9120
     173
    1531
    9043
     305
    1420
    9765
    2527
    5075
    2324
    3034
    1845
    6438
    4729
    4717
    1151
    7266
    2415
    5835
     113
    3265
    7445
    6818
    9797
    8386
    8511
    6822
    6665
    5451
    5327
    2097
     181
     734
    5519
     993
    1980
    7454
    8371
    7066
     101
    2859
    3338
     372
    4245
    5944
    6616
    4869
    1166
    2218
    1578
    4964
    5824
     955
    4712
    3870
    3656
    8998
     853
    4919
    2815
     229
    5733
    6739
    9642
    2667
    2290
    4004
      87
    1755
    1457
    9859
    3256
    4934
    4524
     862
    7991
    1050
      55
    3464
    9681
    8895
    7424
    6013
    9631
    7435
    4243
    8564
    7114
    5284
    3986
    5964
    7046
    4104
    3847
    4660
     254
    6289
    5527
    9914
    9789
    2182
    1760
    9963
    9516
    2524
    2153
    7528
    9211
    8037
    2529
    1251
    1888
    5880
    4701
     901
     189
    8135
    7777
    9985
    4740
    9049
    4387
    7370
    1984
    7294
    5448
    5357
    5843
    2598
    6773
    5162
    8523
    4221
    7279
    6794
    2630
    3288
    2167
    8853
    1854
    2354
    9681
    5784
    9999
    5080
     822
    8799
     727
    3333
     213
    4726
    8794
     915
    9822
    1438
     967
    2223
    4231
     120
    8396
    8395
     338
    5934
    1573
    1682
    1068
    5574
    5543
    3925
    3152
    6041
    1968
    2610
    8578
    6182
    8539
    3956
    9807
    5354
    3018
    4080
    3908
    6745
    8008
    7672
    2743
    9035
    6249
    7739
    5747
    4261
    5512
    5507
    3383
    8135
    8096
    4339
    3055
    7859
    5977
    2496
    9855
    8827
    7725
    5267
    6788
    8781
     147
    5034
    1123
     683
    3403
    7532
    7162
    5934
     651
     294
    8203
    5753
    9233
    9925
    7079
    4128
    3133
     431
    2749
    4521
    4598
    3374
    8344
    4430
    5316
    5547
    1143
    7403
    9843
    3343
    9260
    3236
    7696
    3265
    8633
    8160
    9982
    8810
    5966
    7799
    3129
    9466
    4877
     903
    8616
    7511
    9695
    2550
    5218
    5326
    8203
    1207
    7502
    6324
    5192
    5005
    6458
    3254
    3273
    8145
    8450
    5603
    6224
    1853
     333
    2805
    4123
    6711
    9278
    3725
    7197
    8991
    5568
    8572
    7085
    1169
     710
    3094
    3650
     421
    9513
    6578
    3602
    1027
    9554
    8377
    8987
    5732
    9310
    7704
    3952
    9524
    5353
    1849
    1210
    2284
    1660
    8397
    8332
    5331
    7799
    9225
    1239
    5040
    8544
    9636
     951
    1121
    6193
    1695
    1543
    8449
    7666
    3727
    6692
    4768
    1787
    8290
    8984
    4655
    4455
    5011
    5493
    8775
     454
    9216
    1637
    5396
    7216
    9832
    1511
    4544
    3965
    4051
    5899
    7962
     589
     766
    9745
     103
    3117
    8912
    3938
    3101
    6621
    2774
    3031
    1075
    9071
    4817
    6496
    2034
     370
     848
    1421
    9728
    2191
    1133
    8644
    4692
    6298
     782
     946
    1906
    3332
    4705
    4839
     478
    7993
    5872
    4614
    7772
     992
    6047
    8278
    9389
    3307
    1624
    8197
    3913
    8994
    8987
    1611
    6732
    6184
    1605
    7386
    9971
    4306
    8854
    8629
    5628
    5191
    2588
    2908
    6696
    2177
    1767
    3534
    9482
     861
    2198
    6286
    9116
    8768
    7932
    5800
    7211
    6754
    7498
     515
    5467
    2181
    4516
    2634
    5806
     309
    2811
    2627
    4206
    1802
    9874
    5431
     554
    7025
    2449
     674
    7804
    1948
    2200
    7492
    5612
    9536
    7514
    2332
    9364
    4672
    5119
    3963
    4833
    2728
    1332
    9719
    2712
    7320
    9609
    7128
    7303
    4056
    6203
    6247
    2822
    7502
     482
     641
    6389
      79
    9119
    9149
    7325
    1514
    5005
    2011
    3832
    7294
    9584
    9051
    6414
    1592
    9453
    9861
    9860
    3120
    6618
    3909
    4626
    1733
    1174
    3306
    4284
    3488
    7581
    7263
    4254
    2252
    2347
    5994
    9981
    1789
    5382
    6350
    9431
    7914
    3713
    6805
    3700
    6510
    3269
    6613
    2428
    1716
    6512
    4184
    7608
    3508
    6313
    5817
     361
    1719
    2032
    1183
    4150
    2078
    1762
    3820
    5603
    4619
    1380
    4557
    8339
    4902
    9705
    3824
    6819
    9481
    5065
    6230
     582
    9514
    8813
    8122
    3190
    3668
    4231
    7492
    8792
    1959
    8780
    4226
    1283
    4588
    4212
    5847
    1809
    9513
    7372
     543
    6088
    2927
    7081
    8285
    2421
    3073
    9652
    8881
    4184
    8758
    1683
     552
    7459
    3912
    6250
    5000
    7340
    6243
    1082
     142
    6012
    9499
    2081
    9054
    8869
    2168
    9485
    1086
     420
    8839
    4910
    8098
    9362
    2434
    9777
    3966
    2280
    6826
    5364
    1560
    9111
    2929
    1897
    2144
    3471
    9626
    3287
    1085
    7404
    6672
    2573
    4043
    7441
    8751
    6450
    2883
    8459
    8477
    2420
    3866
    4746
    2835
    9526
