     690
    2239
     542
     592
    4019
    4375
    4933
    1221
     432
    2078
    4806
    3824
    5003
    5879
    3298
    4331
     307
    5788
    1491
    3578
    4116
    4939
    4370
    2277
    4826
     180
    5756
    5871
    3902
    4727
    1808
    4508
    1005
    4430
    3508
    2783
    4808
    5430
    3760
    2923
    5059
     981
    1388
    4402
     911
    4636
    3616
    4880
    4363
    2899
    4005
    5443
    4871
    5697
    4559
    3192
    3292
     221
    5225
    2022
    5017
    4941
    5831
    5512
    5646
    1017
    2932
    2993
    1831
    4011
    1976
    2681
     267
      68
    5476
    2520
    5253
    3051
    5156
    5604
    1727
    5600
    4104
    4878
    4928
    5107
    1976
    5000
     686
    4389
    4784
    3947
    1520
    4758
    4621
    3400
    1334
    1844
    5923
    4552
    2517
    3724
    1182
    3436
    3369
    1724
    1580
    3690
    1652
    2623
    2241
    1268
    4720
    3000
    4294
     636
    4511
    5492
    3932
     350
    2848
    3558
     232
    5976
    2299
    1626
    2202
    2386
    2553
    2408
    5690
    2501
    2223
    5924
     512
    1898
    2121
    1591
    2269
    4478
    4530
    4667
    1570
     630
    1336
    2990
    5615
      69
    2270
    5951
    3150
     434
    4455
    4028
    4952
    1043
    1016
    4637
    2234
    1913
    5515
    3240
     415
    3069
    4758
    2406
     823
    3311
    2829
    4758
    2048
    4623
     335
    1172
    4875
    3782
    4600
    2955
    2882
    1788
      25
    4587
    1672
    2845
    3703
    4760
    1751
    3949
    5228
    5152
     926
    3639
    4825
    5396
    1658
     846
    1021
    5150
    3679
     677
     713
     838
     382
     730
    1561
     983
    2372
    4267
    1359
    2519
    4735
    5164
     371
    2641
    5369
     824
    3617
    4496
    1663
    3141
    2994
    5538
    1460
    2780
     406
    5528
    2946
    5515
    4725
    4595
     697
    1095
     122
    2030
     568
    2214
    4185
    5513
    1238
    3125
     390
     586
    2871
    3073
      22
    2292
    2185
    4807
    1546
    4238
    2051
    1601
    1871
    3589
    5602
    5215
     599
    5370
    3156
    4610
    2367
    1427
     879
    3372
    1366
    3092
    4624
      72
    3542
     465
    2558
    1901
     632
    2462
    4567
    2785
    1943
    2194
    2203
    5347
    5910
    1587
    1074
     972
    1562
    4225
    3089
    1647
    4544
    4355
    5249
    4157
    2175
    4399
    3889
    4747
    4437
    1612
    3904
    3293
    5085
    3635
    2770
    3227
    5815
    2617
     962
    3947
    5102
     734
    2749
    3288
    2238
     704
    2481
    4791
    3574
    1528
    3424
      43
    5483
    4371
    2978
    2212
    1796
    5953
    5193
    3929
    5659
     363
     759
    4345
    3495
    1845
    2031
     172
    5713
     888
    2329
    1737
    5407
    5394
    1538
    1632
    5223
    3419
    3181
     740
    4730
     555
     119
    2442
    3811
    3305
    5999
    3111
    1045
     525
     344
    4535
    3553
    5347
    5438
     329
    4629
    2979
    2719
    5688
     973
    2171
    5652
    3597
    3761
    3998
    4719
    5232
     592
    5031
    4316
    4739
    3538
     289
     597
    2383
    2051
    4641
    5649
    1255
    2380
    2989
    2628
    5987
    3655
    3301
    5900
     802
    2044
     661
    4234
    2601
    1962
    3396
    5178
    2788
    3936
    4532
     224
    1352
    3834
    2873
    5196
    2857
    5008
    1224
    2639
    4064
     767
    3318
    1283
    4576
    1338
    1041
    4327
    3825
    1666
    1937
    1282
    1593
    4012
    4542
    4524
     349
       8
    1840
     151
    3066
     678
    2626
    4289
    1795
    1748
    2231
    3543
    5731
    3224
      65
    2182
    5873
    3383
    5063
    5698
    4409
    2156
     174
    3322
    2838
    5585
    1093
    4707
    5922
     937
    5319
    4324
    3194
    1373
     269
     566
    5863
     507
    1345
      98
    2766
    1502
    3927
    5412
    1969
    5468
    5622
    5889
    1202
    1827
     872
    5302
    5112
    4876
     198
    2249
    3722
    2535
    2742
    5235
    1746
    4363
    3506
    4077
    3621
    2513
    2579
     534
    1033
    4206
    2257
    1681
    1703
    4004
    5830
    2847
    3502
    5835
     941
    3368
    5815
     134
    2915
    2542
    3763
    1536
    2994
    1509
    4934
    1353
    1980
    1803
    2585
    2116
     357
     518
    5194
    2425
    3557
    2698
    1326
    5133
     623
     930
    5905
    1443
    1936
     921
    2691
     663
    5281
       2
      14
     680
    4031
    5111
    1107
    2767
    3118
    1097
    4630
    4723
    3104
    2833
     349
     683
    2533
     883
    1485
    2761
    1836
    2780
    1651
    4645
    4614
     466
    2595
     234
    4010
    5908
    4468
    5539
    3588
    2023
    5999
    2144
      74
     815
      20
    4499
    2213
    4864
    2197
    4733
    4009
     241
    3254
    1620
    2468
    2569
    1771
       3
     595
    2703
    4373
    3704
    4707
    4133
     256
    4638
    2658
    2285
    3513
    1529
    3519
     690
    4914
    4163
    1779
    3617
     931
    4614
    5703
    3556
    5120
    4685
    2621
    1552
    4006
    5765
    4079
     172
     533
    4254
    3219
    1190
    4436
    5231
    4975
     143
    1439
    3294
    4149
    2463
    1118
     115
    4460
    4691
    2938
    3937
    2073
    1848
    1060
    1646
    5713
    5350
    5618
    5613
    3831
    4032
    1443
    2064
    5559
    4829
    3651
    5395
    4032
    3600
    1621
    2747
     397
    4635
     540
    5216
    2705
    2598
    2378
    3850
    4441
    5781
    3548
    5598
    2852
    4314
    1986
    5316
    2357
     436
    4911
     544
    5574
    1883
     556
    5268
    5509
    1709
    5496
    2304
     857
     606
    3365
    2475
    3061
    4953
    1596
    5108
     230
    2004
    5011
     904
    3767
     965
    3024
    5811
    1117
    2052
    4042
    1684
    2859
     758
    1937
    3057
    3403
    4250
    3976
    5206
     906
    3374
    5735
    1838
    2856
    3691
    5290
     526
    1677
    2702
    3012
    3786
    5247
     203
    1932
    4914
    5291
    4353
    3261
    1105
     823
     955
    3521
     786
    4230
    1300
     355
    5270
    4151
    1348
     959
    4130
    5207
    3610
    1878
    3666
    4676
    3875
    2844
    2040
    4866
    5824
    1518
    4733
    2222
    2325
    3460
     869
    1938
    5168
     416
    3898
    2066
    3810
    5666
    5486
    2393
    1454
    2146
    3165
    5473
    4688
    3506
    2917
    3130
    4031
     806
    5675
    4292
    5648
    5037
     786
    1361
    2439
    5865
    1066
    5561
    5696
    5801
    2755
    2373
    3107
    2705
    2342
    2549
     395
    5739
    2502
    5751
    1305
    3743
    2711
    1424
    5671
    1974
    4132
    4868
    4616
    2650
    1590
     996
    2716
    1304
    2833
    3552
    5109
     737
     215
    1417
    5535
    1833
     933
    4751
    4259
    2178
    5217
    4594
    5397
    3733
    4592
    2942
     201
    5718
    1987
    4376
    5705
    2445
    5980
    2722
    4267
    4780
    4342
     803
    1656
    3631
    2609
    1444
    3079
     482
    4919
     689
     175
    1240
     674
    3946
    3172
    4361
    2239
    5474
    5697
    2264
    4604
    4188
    2791
    4607
    2020
    3583
    2104
    5916
    4555
    5218
    1800
     262
    5117
    4228
    5368
    1640
    4475
    2122
    4556
    5795
     337
    5277
    2462
    5872
    5672
    5275
    4018
    2188
    2117
    2143
     887
    2505
    5825
    5505
    2961
    1041
     700
    1350
    3935
     978
    4504
    3552
    1008
      44
     939
    4905
    1520
    4371
    1172
    2972
    3949
    5534
    2739
    3326
    3423
    2457
    5174
    4514
    2777
    1613
    5386
    5899
     534
     611
    5428
     828
    5054
    5561
    1697
    4375
    5517
    1306
    3577
    5463
    3143
     486
    1999
    4831
     817
    3018
     355
    3395
    5403
    5674
    5030
    3520
    5846
    1823
    4812
     469
    4362
     707
    3787
    3248
     306
    5370
    5436
    2458
    1345
    3115
    4856
    3051
    3334
    2504
    1544
     896
    2574
    2930
    5169
    3235
    5131
    1028
     114
     359
     424
     205
    4065
    2141
    3750
    2818
    2413
    1292
    2722
    2440
    4483
    1987
    5668
    4093
    1839
    1112
    5211
     267
    5016
    2525
    2177
    5569
    5488
      32
    4861
    1652
     910
    2409
    5531
    1591
    5189
    2352
    1340
    4128
     156
    4509
    2173
    2922
    3707
     196
    2875
    3816
    4631
    2618
    5375
    2631
     979
    4401
    2732
    4205
    3066
     499
    5550
    2921
    4758
    5002
    2965
    5863
    1388
     903
    4999
     155
    5378
     356
    4620
    2646
    3431
    3526
    4297
    1962
    3320
    5029
    5437
    4608
    3990
    5125
    1320
    5756
     643
    5166
    1744
    5310
     877
    2487
     792
    3640
    4093
    3012
    2836
    5130
    3688
    2042
     282
    5510
    1329
    4277
    3472
    5738
    2169
    5360
    2654
    3460
    5075
    3217
     665
    2716
    4663
    3855
    2684
    4269
    3591
     457
    4376
     231
    5995
     550
    3779
    4794
    4460
    5231
    3187
    3990
    2787
     736
    2149
     547
    5501
    2400
    2227
    2254
     680
    4291
    3113
    1629
    2413
     705
    1127
    2602
    3673
    3809
    1479
    2195
    1814
    2345
    1721
    1118
     563
    3672
    5366
    3323
    3477
     475
    4717
    3812
    2059
    1333
    2885
    1275
    3033
    4160
    5050
     622
    3586
    5680
    3096
    5025
    2926
    2288
    1580
    1468
     118
    1996
    3855
    2166
    3450
     847
    3005
    1436
    5038
    4654
    4292
    3401
    1727
     127
    1890
    4946
    5339
    5040
    3703
    5299
     173
      72
    2401
    3036
    4994
    1262
    1239
    5841
    3355
    1689
      27
    2992
    2818
    2811
    3043
    3794
    1224
    5973
     626
    5952
    5417
    3491
     196
    3208
    4913
    2822
    5316
    4035
    1011
    1393
     479
    1756
    4708
    5464
    1236
    3695
    5372
    3445
    2625
     421
    2909
    3713
    5485
    2037
    5391
    5085
     868
     714
    3766
    5996
    4775
    4940
    1188
    4883
    2996
    5426
    1341
    1381
    3826
    5378
    2006
    2109
    5164
    1137
    1206
    3500
    4103
    1178
     859
    3386
    1860
    5856
    5159
    5513
    5953
    4863
    5978
    4495
    2911
    2062
    4052
    1991
    1617
    4597
    1232
    3982
    4498
    2207
    1459
    4256
    1177
    3023
    5401
    2206
    2946
    1631
     111
    4484
    1281
    3949
    4175
    5922
    5210
    1139
    5251
    2509
      83
    4068
    5694
    1270
     426
    2264
    4131
    2018
    1933
     279
    5346
    4985
     147
    5855
     989
     377
    1289
    4069
    2537
    3980
    4433
    4233
     742
     100
    5845
    4113
     819
     806
     939
    5578
    2926
    2781
    3331
    4227
    5805
    5190
    3344
     342
    3705
    2680
     984
    2744
    1035
    4944
    3074
    3292
    4915
    1715
     531
    1944
    4434
    5252
    4539
    3931
     176
    3871
      96
    4419
    4414
    1779
     420
    4632
    1014
    1228
     923
    4850
    2516
     469
    2394
    1810
    3401
    3109
    2011
    3421
     407
    4966
     981
    2236
    4579
     125
    4749
    2519
    2286
     789
    2886
    5160
    2670
    3753
     581
    3803
     200
    3553
    4912
    2605
    4871
    4451
    5707
    2343
    5777
    4883
    5736
    5814
    1421
    1229
    5592
    5384
     650
     542
    3904
    4117
    3790
    3315
    5028
    4928
    5408
    1201
    2092
    3504
    2455
    3835
    4825
     297
    4474
     289
    4951
    5246
     787
      81
    3992
     522
    5065
    4346
    3764
    4664
    1572
    3239
    5574
    3303
    3567
    2515
    5193
     981
    5735
    1380
    3910
    1915
    3661
    5229
     865
     261
    4119
    3728
    4361
    4752
    1491
    4608
    2877
    4158
    1159
    2971
    4279
     631
    2579
    1831
    3485
     536
     853
    2430
    3773
    1145
     649
    2945
    4886
    2482
    3053
    1701
     774
    3744
     302
    3049
    5410
    4295
     222
    3398
    2704
    2572
    5872
    5925
    5088
    2720
    1151
    5789
    5820
    1367
    5396
    2834
    5599
    1857
    3616
    4385
     944
    1122
    4582
    1980
    5537
    5902
    3496
     436
    5906
    3853
    3894
    2893
    5259
      18
    3829
    1972
    5341
     577
     226
    4879
    5071
     254
    2548
    3659
    2563
    3635
    1540
    4043
    5029
     774
    4358
     518
    5823
    2144
     156
    3572
    2469
    1034
    3014
    5300
    4708
    2911
     914
    4640
    1317
    5893
    2391
     103
    5858
    4365
     317
     604
    2965
     241
    2356
    3445
    5463
    5977
     516
    2854
    1947
    3290
    1504
    2061
      27
    5983
     972
    4166
     248
    4538
    5478
    3748
     770
     335
    3339
    2657
     459
    5333
    3042
    5019
    2012
    3414
    5704
    5572
     284
    4137
    5724
    3483
    5817
     870
    1801
    1234
    4458
    4891
    1412
    5960
    3027
    2574
    2088
    3153
    1014
    3204
    1150
    1817
    4105
    4942
    4276
    2343
    2307
    4992
    4507
    2502
    4806
    1011
    5301
    2223
     138
    5748
     695
    2604
    3540
    2912
    4193
     251
    4155
    5196
    4390
    5681
     621
    2226
    5951
    3129
    4258
    1437
     297
     927
    4918
    3444
     329
    1254
    3837
    2619
    1394
    2100
    2011
    1392
    2150
     766
    2319
    4877
    4646
    1115
    4060
    1267
    3153
    5085
     415
     820
    4421
    2759
    2710
    5383
    4192
    5980
    2179
    4756
    3159
    2416
    4510
     287
    2514
    3405
    5617
     550
     108
    3636
    2334
    3390
     850
    3251
    3793
    2308
     363
    4165
    5109
     218
    4992
    5295
     424
    3870
    2382
    3457
    2103
    3940
     182
    3237
    3455
    2783
    2662
    2317
    1229
    2055
    3236
     502
    4372
    4873
     708
    1420
    3382
    3111
    1975
    4126
    4306
    4959
    4769
    3051
    5351
    3206
    3851
    2778
    2399
    2752
    3754
    2901
    2173
     724
    5774
    3470
     258
    3028
    5775
     686
    4095
    4618
    4473
    3366
    3622
    1325
    3240
    5761
    2651
    5372
    3379
    1126
    3804
    5342
    2137
    5454
    1753
    1164
    4282
    5853
    4958
    3933
    2948
    4028
    5822
    3589
    2540
    4727
    5495
    2807
    4831
    5093
    3026
    4848
    1062
    2548
     491
    4233
     440
    4462
     434
     186
    3605
    1726
    5459
    4705
    1203
    5657
    1900
    5933
    3743
    2638
    1792
    4812
    5764
    5064
     213
    5838
    3599
    5082
    2491
     591
    3905
    1142
    5754
    5449
    1834
    4730
    1993
     609
    2099
    3842
    3687
    2504
    1748
    4571
    2644
    2768
     179
    3854
    3223
    2639
    4401
    5359
    4406
    3735
     324
    5241
    4683
    4239
    3903
    2975
    2849
    4732
    4485
    5396
    3095
    4843
      30
    4792
    5597
    1596
    2113
    5106
    5241
    3528
    5483
    2058
    2940
    4174
    4358
    3415
    3473
     955
    2227
    5823
    1754
     210
    1178
    4631
    2310
    2795
    1444
    2512
    4197
    5294
    2764
    3461
     720
     996
    5530
    4852
    3935
    5176
      97
     333
    4427
    2534
     642
     262
    5857
    5862
    5012
    5798
    2970
    1746
    5774
    1475
    2242
    5676
    3466
    2040
    5687
    1907
    5512
    1702
    5869
    3633
    5525
     505
    4387
     252
    2865
    3261
    2238
    5547
    2272
    2114
    3067
    5637
    3825
    1441
    1079
     682
    5161
    3231
    4577
    4000
    4022
     475
    1166
    3763
    5741
    4778
    1966
    1180
    2159
    2448
     135
    4717
    1758
    4278
    4640
    4573
    3244
     561
    3985
    1863
    3761
    5736
    5573
    4955
    5356
    4278
    4006
    4500
    3457
    5873
    5044
    1787
    4632
    4944
    4966
    3164
    2260
    4642
    3633
    5598
    3268
    2700
    2363
    3112
     731
    1286
    4374
    4521
    2843
     425
     765
    2445
    2738
    2494
    4655
     276
    3381
    2866
    3266
    1538
    5182
    3815
    4993
    2402
    2895
     947
    5332
    5047
    5854
    3807
    3271
    5162
    4529
    1802
    1051
    5977
    2373
    2035
    5508
    2997
    4469
     475
    2254
    2936
    1493
    3403
     811
    1688
      70
    4729
    5628
    4492
     521
    5646
    3336
    4996
    2586
    4031
     675
     993
    3440
    5058
    3812
    1253
    2047
    2021
    4321
    4315
    3359
    3467
    5875
    4276
    4338
    4073
    4241
     970
     698
    3359
    2457
    3678
    3018
    3538
    3453
    1350
    1558
     285
    2678
    3366
    3779
    2248
    1285
    2666
     872
    5033
      59
    2439
    1988
    2469
    2272
    2814
     476
    3275
     233
     334
    4668
    4954
    5475
    2757
    2470
    2913
      38
    3799
    2261
    4599
    1073
    4540
     396
    3389
     393
    1992
     170
    1148
    5681
     776
     706
    1627
    4161
    1679
    5644
     413
    1817
    2091
    4853
    1541
    4181
    2614
     652
     509
    4144
    5532
    3025
    1804
    4902
    4253
    2573
    3617
    3983
    4370
    4868
    3594
       9
    3911
    3782
    3374
    5672
    5203
    3020
    1219
     455
    5127
    5144
     196
    4917
    2059
    1394
    5580
    2734
    4137
    5116
    2859
    4196
    1780
    1621
    3994
    2889
    1670
     874
    3124
    5483
    3680
    4898
    5270
     280
    5739
    2143
    1812
    5412
    5038
     524
     896
    4147
    4219
    3920
    3415
    4366
    1599
     947
    3351
     931
    4263
    2430
    2985
    2842
    3923
     438
    2431
    3254
    5197
    3691
    4801
    5274
    3586
    4639
     985
    5578
    4925
     576
    4930
     775
    4543
    4797
    1106
    3440
    4771
    3958
    2944
    1358
    5749
     452
    4027
    3843
    1896
    1311
    3285
    1409
    3363
    5640
    2675
    1155
    3554
    1701
    2350
    4311
     369
    2946
    1702
    3548
    2362
    2417
    1002
     831
    1642
    4526
    2212
    5894
    2977
    2043
    4467
    2861
    3789
     895
    2886
    2845
     784
    3611
    5829
     277
    1123
    3119
     583
    4734
    4401
    4757
    3940
     126
    3208
    2860
    5281
    1265
    1259
    1087
    5479
    1063
    3084
     323
     581
     235
    2035
    1995
    5946
    3459
     828
    4794
    1197
    4948
    4238
    4727
    4813
    1607
    1824
    5897
    5709
    2792
    2677
    3491
     881
    5818
    4041
    1355
    4978
     312
       1
    3370
     110
    3763
    5914
    5365
    4147
    4280
    1564
    2616
     486
    3093
    2100
    3465
    2947
    1970
      33
    5936
     501
    3121
    4092
    4908
    2040
    2613
    2847
     867
    3522
    4232
    2476
    2832
     138
     148
     950
    4368
     438
    3888
    3643
    4569
      23
    3558
    3837
     370
     806
    4918
     964
    3845
     602
    2064
    4898
     859
    3362
    4832
    4048
    2824
    4901
    5234
    3587
     869
    3845
    2772
     124
    2806
    5105
    4046
    5860
    4299
    5021
    5052
    1586
    1659
    3232
    1830
    3702
     836
    4344
    4270
     787
    4047
    5112
    2273
    5307
    2792
    1584
    5682
    5166
    1232
    4251
    4575
    1579
    2546
    2923
     743
    4136
    2549
     605
    2885
    3014
    3598
     832
    5170
    2046
    3121
    4845
     800
    1585
    5775
    1125
    4698
    2924
    3781
    4393
    2169
    1126
    2058
    3212
    1300
    5470
    1532
    3306
    1589
    2830
    1194
    2131
    2175
    1930
     915
    2312
    5881
     260
    1748
    5356
    1055
     210
     206
     797
    2418
    5274
    4932
    3476
    4362
    5507
     388
     995
    1668
    2385
    5899
    2383
     127
    2776
     210
    3417
    3809
    1524
    3168
     773
    5498
    4150
    2454
    4214
     465
    1698
    2582
    1174
     168
    1317
    4196
    5257
     165
    5704
     129
    1009
    2434
    5809
    3243
    1116
    5897
    1086
    1645
    2176
    2374
    2791
    2766
    4020
    3197
    1573
      53
     528
    1419
    4518
    4907
    5377
    5248
    2133
    4359
    4570
    4157
    1019
    5882
    5953
     443
    2023
     991
    5247
     351
    4774
    4317
    1939
    3769
    3971
    1897
    3961
    5919
    1553
    5732
    1176
    2396
    3683
    2825
     923
     965
     425
    4638
    3350
     890
     634
    4130
    5406
    4983
    3275
     589
    1514
    5077
    1219
     494
    4577
    3627
    4684
    2267
    5303
    3947
     258
    3462
    2659
    1451
    2050
    3876
     589
    5735
    1065
    5115
    3821
    2385
    1770
    3503
    1987
    1941
    4583
    3160
    4353
    5768
    2394
    1771
     131
    1589
    2551
     971
     899
    4340
     446
    5343
    5498
    5485
    5069
    1833
     496
    1648
    1417
    1344
    3992
    4810
     209
      75
    3130
    5876
    1370
    4089
    1001
     653
    2603
    5884
    1421
    3573
    5546
    3512
     557
    1847
     488
    5927
    1296
    3225
    5516
    4304
    4761
     514
    1189
    1419
    5076
    2328
     650
    1500
     801
    4926
    2601
    3258
     128
    1627
    3080
    5099
    1437
     270
    2693
    3238
    1976
    2975
    1502
     413
    3200
    4436
    3075
    3118
     590
    4314
     599
    1463
    2072
     974
    5350
     524
    3982
    3926
     497
    4098
     126
    2400
     767
    5651
     523
    1984
    4996
    2975
    4230
    5257
    2928
    2659
    2508
    4715
     567
     972
    4746
    1210
    3023
    3487
     399
    1119
    2527
    1597
    1371
    5556
    3839
    3424
     852
    1619
    4345
     790
    2262
    4733
    5238
    2248
     305
    1025
    1619
    1414
     617
    3061
     109
    4372
    1210
     437
    1889
     390
    3964
    4235
    5256
    2775
    4521
    4976
    2342
    3934
    5855
    1761
    1791
    1824
     213
    4858
    3469
    3417
     915
    1047
    5431
     716
    5649
     815
    1718
    2683
    3956
    3802
    1774
     684
    1553
     601
    3710
    4001
    2747
    1676
     367
    5074
    4720
    4798
    3707
    3009
    4036
    1364
    2622
    2137
    3854
    4285
    3539
    2780
    2231
    5771
    3360
    5306
      71
    4434
    2652
    1090
    4187
    5699
    1901
      21
    4743
    3223
    5711
    4334
    4735
    5619
    4015
    1919
    2925
    3021
    3358
    1929
    5065
     726
     594
    3564
     799
    2828
    4774
    5215
    3806
    1638
     808
    1293
    5839
     173
    3062
     818
    5950
    2349
     366
    5630
    2988
     845
    1044
    4726
    3654
    4393
    3657
    2748
    1379
    1186
    2968
    4100
    3686
    3496
    4201
    2689
    2512
    1940
     920
    2501
    3932
     489
    5956
    1319
    4659
    4699
    2661
    2728
     310
    2059
    4596
    3388
    4465
    1781
     796
    4502
    4803
    1030
    1637
    3342
     560
    5163
    5399
    1836
    5861
     471
     548
    1787
    2737
     302
     248
    2298
    1463
    4987
    2565
    2387
     926
    1697
    3867
    2676
    2621
    2934
    1675
    4061
     275
    3866
    1819
    3078
    5021
    3270
     870
    2230
    3452
    5135
    1831
    3909
    2792
    4427
    5203
     601
    2058
    1046
    4224
    1537
    4548
    3620
    3062
    1194
    3257
    3075
    1185
    4266
    4285
    2027
    4891
    5129
    1541
     987
    3909
     311
    2497
    1197
    4205
    2292
    2456
    3504
    4822
    2706
     168
    2359
    5932
    2268
     820
    3677
    2385
    1070
    4802
     455
    1164
    5872
    5833
    2130
    1936
     755
    2190
    4535
    2263
     120
    5996
    4988
    4750
     673
    3844
    1537
    3620
     721
     411
    5100
    2097
    2204
    4745
    5447
    5890
    3356
    1872
    1945
     530
    5527
    4225
    3912
    3637
    2143
    4016
    4090
    1022
     700
    1434
    1468
    3094
    1681
    5545
     178
    4687
    5068
    2334
    2189
    3568
     524
    2102
    1435
    4140
    2756
    1489
    5132
    1952
    3535
    5331
    4933
    5547
    3490
    1701
     666
     351
    4836
    5185
    1233
    4725
    5665
    1212
    2260
    1519
    4776
    5025
    5621
    5545
    3656
     780
    2226
    2542
    3280
    1035
    1019
    1363
    2347
    2697
    1308
    3222
    2591
    3572
    4449
    3663
      66
    5019
    2782
    4261
    1971
    5020
     639
    1478
    4740
    5944
    3838
    2148
    2153
    1449
     226
    2253
    4305
    4553
    3456
    3091
    5323
    5658
    3784
     177
     873
     449
    5807
    5881
    3252
     902
    4883
    3305
     817
    1530
    4494
    5755
    2731
    4223
    5441
    1437
     917
    5794
    4618
    1801
    1889
    2183
    3235
     365
    4659
     134
    5392
    3596
    2599
    2129
    5012
    5489
    2721
    4140
     145
    3265
    1183
      67
     517
    4517
    1226
    4489
     222
    5790
     113
    4897
    3153
    4364
    1015
    4509
      66
    3466
    5139
    2668
    5877
    3014
    1069
    5554
    1516
    3755
    5058
    4008
     947
    1809
    2084
    3420
    5073
    2599
    3171
    5079
    1742
    5205
    1707
    3286
    3745
    5596
    5805
    1140
    3252
    4903
    1175
    5824
    3702
    1114
    4778
    3761
    1556
    1186
    5544
    3743
    3280
    4227
     859
    1457
    3642
    1693
     460
    4940
    4613
    5531
     828
     712
    3543
    1572
    4192
     693
    4006
    2743
     299
    3748
     435
    1878
    5171
     163
    5903
    5721
    1982
     243
    1322
    2810
     206
    2341
    2788
    4056
    2555
    1904
    3477
    2236
    2211
    5974
    4665
    5422
    3036
     286
    5309
    2951
    4882
    2250
    2879
    4737
    1146
    3645
    1673
    4902
    4524
    5049
     795
    4747
     553
    5635
     880
    3686
    2896
    1349
    5075
    1687
    1931
    1114
    1981
     967
    2060
    2843
    2568
    2196
    5556
      24
     494
    4511
    5719
     239
    5082
    4671
    3269
    1609
     781
    4272
    3768
    3860
    3392
    3334
    1196
    5241
    4247
    3030
     438
     219
    5564
     942
    3516
    4853
    3965
    2959
    1768
    3731
     150
    5566
     448
    1577
    4767
    5624
     258
    3946
    1329
    5773
    2496
     171
    2658
    4606
    4804
     776
    5952
    2376
    2392
    2961
     911
    1470
     862
    4891
    5285
    5632
    4722
    5335
     737
    5141
    3720
     346
     683
    1633
    3709
    5829
    3868
    4306
    4464
    5606
    4204
     467
      55
    2589
     463
    3715
     251
    2422
    4215
    3804
    2565
    5616
    5043
    5683
    1579
    5919
    1695
    3708
    2203
    3696
    3480
    5055
    2353
    3024
    3907
    5820
    2389
    5505
     171
    5315
    5324
    3732
    2927
    1790
    1740
    2538
    4564
     303
    4073
    3458
    4249
    1369
    2309
    3474
    5753
     977
    1680
    1673
    2560
    1328
     161
    5518
    5884
    4087
    4273
    5414
    5931
    5804
     961
      66
    4777
    1657
    3034
    4826
    2134
    3171
     447
    2809
    2552
    3753
    3969
    4099
    5022
    3566
    4977
     197
    1946
    1460
    1928
    3112
    2790
    1958
    2909
    3297
    1164
    2467
    5121
    3806
    5087
    5402
    5120
    3956
     920
    2430
    3112
    4561
    4263
    3696
     311
    1066
    3630
    5298
      56
    4150
     632
    5947
    4026
    1220
      14
    4932
     704
     393
    3666
    1415
    5308
     353
    2357
    5534
    4857
    4900
    3683
    4035
    3460
    3609
     605
    1389
    2464
    3418
    5628
    4612
    1052
    5869
    3438
    1131
     376
    5301
     921
    4569
     311
    1166
    3518
    3434
    3375
    2810
     970
    4173
    1982
    2913
    4870
    1552
    1466
    2041
    2760
    4279
    1314
    1289
     394
    5931
     900
    2928
    3725
    2125
    1118
    5859
    4142
    1180
    2864
    4776
    2699
    2005
    2679
    3852
    2289
    1796
    4909
     691
    2015
    3511
     510
    3635
    2240
    3727
    1092
    2002
     718
     749
    4859
    1661
    3908
    1720
    3734
    1944
    1686
     448
    2960
    1288
    1241
    3542
    2752
    1918
    4349
    4830
    3134
    3758
    3826
     949
    5967
    4092
    1461
    3604
      95
    1348
     159
     713
    5752
    1649
    2886
    5376
    4792
    5095
    2108
    5024
    4466
     638
    1559
    2121
    1241
    2389
    4197
     345
    3021
    1351
    5782
     922
    2608
    2032
    5259
    4126
    5430
    4446
     210
    1048
    1154
    4692
    3331
     232
     103
     124
    3322
    4835
    2150
     395
    4108
    3648
    1615
    1209
    3471
    3845
    3785
    4646
    1156
    3618
    4885
    2010
    3549
    1674
    2950
    1916
    4403
    2218
    4790
    3105
    2480
    4359
    1863
    2252
    3007
    1997
    3795
    5773
    1705
    4660
    1078
    1822
    1321
     706
    2377
    1132
     266
    1120
    3383
    3798
    5168
    1565
    1200
    5709
    2067
    2968
    2241
    5187
    2900
    1193
     284
    2949
    4513
     332
    1484
    3897
    5631
    5537
    1237
    2354
     507
    2492
    1395
    4581
    5625
    5770
      34
    3018
    2340
    3367
    2532
    5573
    3836
    2303
    3144
    3520
    3330
     605
     953
    1554
    3883
    3561
    1307
    1258
    1049
    1296
    1815
    4718
    1742
    3684
      93
    2365
    3664
    2896
    4523
    5590
    2009
    2675
    4059
    3672
    3387
     442
    2616
    5564
    5556
    3948
    2174
    3454
    3456
    2305
     821
     360
    2167
    4809
    4617
     616
    3708
    2189
    4264
     219
    4872
    2088
    2704
    4151
    5049
    1416
    4935
     394
     450
    3770
    1513
    2530
     316
    4447
    5051
     940
    3684
    4664
    4472
    5463
    4669
     873
    4055
    5938
    2139
    4647
    3385
    3959
    2346
    1092
    1770
    1615
    2077
    3869
    2983
     371
    2336
    1768
    4520
    3800
    3325
    4309
    3399
    5198
     491
    4948
     633
    3313
     750
    5965
    3925
    5423
    2528
    5753
    1476
    2073
    4116
    2057
    2806
    5814
    1714
     280
    4440
    1927
    5661
    2474
    4203
    3715
    3290
     851
    5375
     850
    5039
    3369
    1653
    2871
    1047
    4825
    1067
    3343
    3050
    2275
    4243
    3097
     328
    5060
    3443
    4765
    3162
     655
    1976
    5587
    2725
     392
    2916
    5220
    2157
    4335
    2907
    1424
    3389
    4189
    3534
    5570
    3302
    3807
     482
    1599
    4529
    2748
    1129
    1120
    2480
    3013
    2291
    2834
    2007
     198
    2506
    2973
    4684
    2455
    5589
    1974
    2733
    1782
    1072
     279
    4656
    2136
    5791
     824
    5264
    1207
    3287
    5507
    4511
     657
    2416
    4783
    3038
     184
     596
    5278
    4953
    1020
    3558
    3184
    2659
    5904
    3736
    1213
    5983
    3195
    4079
    3200
    4494
    4348
    3180
    5889
     487
    1135
     101
    3350
    5281
    3195
    1429
    4604
    4009
    3149
    3221
     835
    3380
    1795
    4882
    1341
    3627
    4847
    1947
    2366
    5982
     807
    1455
    3030
     679
    2868
    1549
    4037
     986
    4198
    3796
    3259
    1700
    3015
     435
     419
    3393
    2012
      38
    3041
    5413
     515
    1939
    4206
    1220
    5390
    3132
    1325
    3571
    2134
    1498
    2103
    5682
    3191
    4882
    4244
    1505
    2016
    4791
    5627
     175
    1596
    2954
     508
    5234
     960
    1570
    2187
    1388
    3869
    3685
    1658
     971
    3468
    3752
    3511
    3481
    2039
    4995
    5112
    2654
    1367
    3199
    3847
    2709
     865
    3195
    1121
     770
     352
    1990
    5037
    5094
    5741
    5812
    5795
    5790
    3894
    5087
    4976
    1998
    4284
    1196
     423
    4261
    4111
    4220
    1492
     263
    4265
    2853
    2213
    1597
    3500
    3514
    1618
    5972
    2607
    3348
    3401
    1781
    2158
    2853
    2284
    1501
    3805
     679
    1734
     668
     793
    3361
    1487
    2673
    1089
    2249
    5557
    5879
    2200
    3133
    1684
    5654
    5393
    1478
    3323
    2786
    2493
    3204
    3791
    1667
    1333
    4782
    4681
    4228
     754
    2484
    5004
    5411
    1016
    4915
    1766
    4373
    4369
    4382
     177
    4801
    4293
    2274
     294
    4185
    5998
    1336
    4184
    3819
    4369
    4262
    3497
     768
    1950
     854
    5256
    4528
    1305
     298
    1772
    5567
    3214
    3378
    5579
    1422
    2079
    2870
    5110
    3825
    4950
    5217
    4845
    5089
    5497
    2120
    4691
      18
    2131
    4982
    3612
    4006
    5222
     181
    3962
    4603
    1331
    2741
    1731
    3770
     906
     404
     640
    5838
    5570
    1671
    5622
    3630
    5023
    1513
    1055
     861
    1459
    3547
     187
    4213
    1737
    5815
     655
    4684
    3119
    2653
    4329
    2152
    3589
    3422
    2777
    3929
     414
    2629
    3116
    2448
    5276
    4151
    3260
    1848
    5511
    5174
    4267
    5541
    5867
    4698
    5252
    5816
    1924
    1297
    4672
     609
    2074
    4502
    1906
    5356
    4183
    1916
    3569
    1056
    4695
    1406
    1672
    2101
    4817
     378
    4271
     373
    5214
     512
    4533
    1381
    5883
    1158
      50
     619
    1661
    5061
    3730
     569
      69
     428
    2627
    1551
    2300
    2873
    4035
     894
       4
    2421
    1026
    3054
    1881
    1246
    4661
     757
    2157
    4053
    2080
    1202
    1985
     657
    4777
    4993
    4017
    2669
    3749
    1536
    4081
    2738
    2235
     707
    1505
    4880
    5997
     708
    2316
    2291
    2056
    1948
    4689
    1252
    2987
    5603
    3584
    3079
    5001
    5299
    3540
    4484
    2784
    4609
    3185
     415
     984
    4636
    1997
    4637
    1295
    2086
    5340
    5623
    3228
    5457
     920
    4015
     494
    5218
     621
    3890
    4039
    3567
     426
    1577
    5494
    4782
     921
    5682
    5417
    2874
     738
    3397
     995
    5504
    2272
    4170
      78
     564
    3261
    2732
    4442
     420
    1238
    5170
    1582
      14
    5841
    3442
    2029
    3824
    5236
    5506
    1303
    5114
    1952
    3618
    5706
    5321
    1428
    2205
    2041
    4178
    2525
    5429
    4169
    1689
    2435
    1015
     547
    4471
    5294
    5784
     598
    5209
    3483
     693
    5685
     665
      64
    2891
    1444
    3354
    5553
    2066
    4930
    4410
    2245
    2277
    5887
    2395
     745
    5153
    5863
    5544
    1602
    4348
    2434
    1435
    5681
    1285
    2054
    5084
     608
    4961
    1661
    2279
    3642
     647
    4125
    4096
    4477
    1585
     957
    1819
    1272
    3857
    5283
    4122
    4843
    2547
    2062
      60
    3987
    3893
     236
    3295
    5821
     869
    3663
    5529
    3327
    1640
    1600
    3885
    1543
    2098
    3418
    3751
    3458
    5689
    2735
    5048
    3628
    3190
    2823
    3765
      87
    2228
    4691
    4066
    1161
    1389
    3950
    5607
    2866
    1744
    5957
    4679
    5902
    4548
    3328
    5349
    2969
    2803
     285
     340
    1311
     881
    5777
    2589
    1096
    3972
    1299
     398
    2642
    4624
    4033
    2223
    2147
    5479
    2002
    4530
    3644
    1524
    4798
    4883
    3138
    1609
    3230
     714
    2325
    1639
    1875
     624
    3372
    1261
    3806
    1610
     830
    5624
    2935
    3896
    3286
     228
    3831
    2812
    3973
    4318
    1091
    2314
    3997
    3131
    3244
    1147
    5357
    1584
    4533
    1913
    1438
    2246
    1557
    1728
     310
    3823
    2813
    5789
    5979
    3016
    1283
    4942
    1113
    1162
    4415
    4701
    5247
    4178
    3964
     659
    2304
    3015
      86
    5944
    4482
    2540
    2948
    3187
    5733
    5186
    5119
    5100
    3643
    2306
    5975
    2570
    1995
     378
    2444
    4268
    2568
    1641
     575
    2473
    5492
    2627
    4360
    5956
     422
    4648
    3957
    4377
      15
    3532
    3726
    4763
    3659
    1359
    1338
    2000
    3841
    2506
     974
     848
    5271
    2313
    2611
    1409
    1401
    3719
    3390
    2130
    5411
    1486
    2497
    5331
     289
    5218
    3968
    1508
    2432
    4325
    5128
     958
     492
    3003
    3732
    2122
    4977
    2272
    3883
    2075
     915
    1682
     595
    1934
       5
    1094
    4330
    4384
    2036
    5977
     512
    3884
    3682
      28
    1477
      88
    1870
    1644
      89
    1604
    4939
    4431
    4673
    3853
    4830
    5798
    5407
    2148
     293
    4338
    1792
    3359
    3458
    5935
      62
    1794
    4101
    3464
     451
    4309
     789
    4846
    5978
    1336
    4293
    2098
    5704
    3077
    1335
    2284
    1636
    5584
    5907
    1420
    5101
    5728
    2798
    2562
    3697
      33
    4392
    3572
    1298
    1328
    5620
    2566
     296
    5940
    3336
     484
    2900
    4101
    4817
    2367
    2188
    1790
    3575
    1364
    2930
    1117
    1373
    3248
     631
    5933
     152
    3081
    2356
    1570
    5564
    1100
    5576
    1749
    2036
    3188
    2753
    4482
    2185
     571
    1968
    2338
    4130
    3580
    1712
    1400
     884
      74
    5962
     139
    4922
    5749
    3339
    4303
     992
    4060
    1804
    4526
    5499
    5798
    2997
    1314
    2959
    5726
      90
    2966
    1249
     217
    2019
    1258
     746
    1915
    5187
    2756
    1528
    4834
    3870
     261
    1588
      31
    3005
    1646
    3123
    2906
    3494
       3
    4568
    3957
    5110
    2427
    2611
    4706
    2633
    1425
    1427
    3100
     461
    4486
    3364
    3902
    1960
    4242
    5017
     405
    4972
    1637
     359
    4261
    5592
    1547
    1330
    2043
     924
     429
    5162
    5053
     757
    1833
    2641
    4220
    4041
    5048
    5793
      99
    2949
    1064
    3006
     886
      49
    4820
      54
    1598
    3285
     181
    3984
    3226
    2742
    4833
    3792
    4515
    2276
    2433
    1785
    1841
    1903
    5814
    2326
     419
    1886
    1491
    1356
    3799
      32
    1480
     643
    5781
    5478
    1093
     181
    2340
    3914
    5586
    2517
     836
    3898
     833
     229
    2751
    1255
    5297
    2041
     688
    3073
    5376
    3930
     868
    5799
    3163
     871
    1055
    4062
     259
      46
    4699
    3054
     565
    4483
     814
    3556
    1711
    2534
    1046
      94
    5162
     171
     266
    2932
    4789
    2600
    5898
    3609
     551
    1024
    1339
    3204
    1993
    4887
      45
    4068
     600
    2140
    1521
    5907
    2256
    5512
     330
     564
    1628
    3587
    4328
    4803
    5649
    5846
    2147
      69
    1161
    1942
    3690
    2082
    3862
    2745
    3471
    4498
    5560
    1088
    1411
    3086
    4635
     141
    4978
    3582
      33
    3127
    3981
    4393
    2532
    3452
     753
    3342
     897
    4218
    5538
    5913
    1928
    4819
    3682
     616
    5883
    5355
     778
    4051
    1311
     638
    3433
    1284
    1356
    5892
    2542
    5153
    2346
    2746
    2114
    4294
    2735
    5448
    5705
    1755
    4520
     597
    1518
    4783
    4245
    5909
    2494
    4340
    5660
    2594
    1936
    1134
    3529
     374
     112
    5285
    3610
    2040
    5864
     228
    1675
      29
    1838
    1977
    1777
    2986
    3540
    2614
    2198
     210
    5337
    3095
    1688
     379
    2940
    5912
    4808
    2689
    1433
    2861
    2597
     295
    2428
    1358
    1174
     794
    1431
     255
    3642
    4228
    1535
    2200
    1036
    4568
     185
    2541
    2747
    4334
     771
    3649
    5818
    1847
    4536
    1993
    5239
    2151
    5028
     732
    2443
    1222
    2915
    4033
    3040
    4325
    1431
    1934
    4086
    3701
      90
    5768
    1319
    3017
     814
    4626
    2372
    3780
    1809
    5918
    1099
    5595
     316
    2148
    4245
    3990
    5374
    2137
    4917
    2757
    3164
    3493
      10
    5606
    4742
    3555
    2518
    4590
     956
    4827
    3048
     341
    1349
    4443
    2256
    4683
    4558
    1529
    2827
    5987
    5351
     192
      24
    5549
     773
    5212
    4395
    1740
    2290
    4566
    4412
    5612
    5791
    5327
    3751
    1166
    5381
    3656
    4233
    1807
    3871
    3917
    5667
    3739
    2965
    3692
    1343
    5993
    1841
    2060
    5822
    5964
    4925
    3308
    2642
    3376
    3260
    1006
    1136
    3810
     582
    5172
     757
    2566
    2076
     668
    3338
      52
     311
    1683
     856
     174
    5441
    1627
      83
    1497
    5639
    5728
    3736
    2962
    4436
    5616
    5072
    4635
    1847
     382
    4608
    2815
    5957
    4964
     321
    5207
     522
    2353
    2108
    1761
    3309
    1540
    5012
    3035
    4441
     913
    2874
    2428
    2260
    3364
    2069
     679
    1370
    1196
     607
    1324
    4497
    4802
    2282
     856
     610
    2145
    2936
    2362
    2661
    2143
    2550
    5655
      84
     218
    2145
    1830
    2376
    2898
     519
    3568
    4276
    5560
    2645
      21
    3053
      61
    1583
    2683
    1321
    1113
    1167
    2080
    3607
    5970
    3915
    1402
     154
    3706
    2033
    3397
    2572
    5843
    5124
    1691
    2190
    5544
    2280
     885
    4893
    3444
    1353
    5016
    4565
    1532
    5414
    4119
    4533
    5988
    2882
     629
    2634
    3755
    4668
    3147
    3471
    5127
       8
    3981
    3408
    1289
    1229
    2774
    2850
     403
    3356
    1797
    2218
    1950
    1176
    5605
    2587
    1524
     344
    1042
      87
    4057
    1037
    2530
    1218
    5145
    5860
    4747
     412
    5480
    1831
    4886
    2986
    4316
    5050
    4655
    4967
    4531
    5865
    2933
    2937
    2305
    1485
    5721
    2754
    1147
    2746
    1339
    1390
    1053
     952
     377
    2936
    2021
    4175
    5989
    5785
     787
    2115
    4526
    1169
    3038
    5642
    3202
    5837
    5908
    2712
    5146
    4550
    3101
    1142
    3576
    2306
    4544
     934
    3211
    5909
    5920
    3016
      40
    2778
    4008
    2137
     449
    1765
    5214
    5283
    4724
    2884
    1032
     971
    1498
    4886
    3022
    5938
    3110
    2545
    2470
    4163
    3025
    2756
    5260
    3126
    2324
    5263
    1217
    3695
    3820
    1466
    5712
    2613
    2048
     592
    1741
    5233
    3409
    1606
    5552
    5906
    2556
    4310
    1242
     308
    5898
    3399
    2301
    2379
      85
     696
     822
    3913
    4366
    2317
    4082
    4114
    2488
    2096
    5224
    4482
    4309
    3280
    3276
    5360
    3370
    4958
    1057
    1941
    2087
    4361
    5918
    1071
     978
    2894
     532
    3823
    2794
    5734
    4076
    5165
    3008
    3701
    3179
    3175
     995
    2088
    5005
    5047
    5958
    1428
    5387
     197
    5635
     189
    4152
    4195
    1892
      78
     778
    5744
       5
    1363
    4471
    4543
    5208
    1234
    5138
    2323
    3760
     766
     976
    4104
    3068
    4865
    1322
    3972
    5425
    2316
    5494
    2675
    5639
    2847
     874
    1948
    1859
    2326
    2905
    4308
    3489
     525
    1012
    2863
      67
    4548
     326
     527
      57
     410
    2135
    2350
     276
    2634
    1099
    5943
    2799
    5835
    3027
     716
     749
    5163
    4134
    1680
    1720
    5786
    5531
    5065
    2708
    1071
     832
    4078
    5714
    3657
    5959
    3927
     344
    5117
    1559
    4685
    5867
     188
    1425
     560
    1101
     375
    5094
    3786
     490
    4111
    2800
    4412
    4770
    3698
    3137
    2469
    3964
    2431
     567
    1403
    4295
    2430
     290
    2255
    3167
    1329
     905
    2294
    5516
    3901
    2590
    1331
    1490
    3128
    5471
    5401
    5084
    1883
    1821
    3606
     532
     684
     290
    2109
    4343
    3434
     123
    2375
    4468
    3967
     889
    3705
    2874
     608
    2205
    3388
    5066
    4808
    4721
     813
    2297
    3839
    3818
    4147
    5789
    1777
    4984
    4131
    1665
    3847
    4598
    3291
    4058
    1517
    1592
     482
    2477
    5323
    5869
    2680
    2319
    3304
    3090
    1063
     716
    1232
    3595
    3244
    3219
    1198
    2579
    4579
     461
    5786
    4118
    1075
    2952
    3220
    3905
     248
    4278
    5449
     766
    4541
    4354
    1954
    1555
    2888
    3177
    5778
    4736
    5562
    1168
    4071
    1494
    2664
    2508
    5687
    4467
    1288
     361
     853
    2066
    2575
    1694
    5812
    2546
    4091
    4687
    1912
    2280
    3632
    5762
    5122
    1284
    5523
    5137
     797
    4262
    1130
    5463
     882
     214
     257
     720
    1208
    1439
    4800
    4985
    3407
    2429
    1231
    4481
    4419
    4840
    4968
    1639
    1383
    2402
    3713
    2730
    2885
    5614
    3767
    1216
    1742
    3863
     341
     656
     193
     834
    1806
    2763
    4565
    1254
    1239
    4042
    3434
    4449
    2465
    4397
    1392
    2166
    1458
    3878
    2114
    3762
    5952
    4173
    1036
    4089
    3517
    4950
    1493
    2458
    3087
    3613
      68
    5175
    1227
    2389
     932
    5300
    3428
    2647
    5380
    3293
    4354
      77
     964
    1054
     362
    5534
    1140
    4876
    4403
    5714
    1990
    1286
    1365
    2862
    4703
    1775
    5865
    1091
    5408
    3553
    5456
    1654
    5880
    3228
    2629
     249
    5976
    4242
    4002
     941
    2720
    1551
     217
    1097
     476
    5079
    2355
    5261
    2630
     777
     865
    2034
      74
    5002
    1548
    2209
     625
     660
    5840
    2106
     862
    2510
    5109
    5542
    1004
    2987
    1294
    5455
    4323
    3101
    4085
    1738
     687
    3919
    4520
    4487
    3120
    2018
    5928
    2758
    4094
    3217
    4112
    3697
    1966
     685
    1075
    3971
      63
     237
     977
     160
    5255
    5588
    3241
    2509
    5511
    3290
    4612
    5362
    3360
    1868
    5576
    1962
    3368
    4190
    1840
    3055
    2067
    1511
    5439
     826
    4096
    3499
     221
     750
    1238
    3974
    3378
     159
    3044
    2915
    2531
    2899
    5587
    4827
    1034
    4965
    5097
    4143
    3013
    1746
    3120
    3857
    3664
     653
    4662
     935
    5338
    1730
    3545
    4321
    3151
    3906
    2363
    1003
    3665
    1831
    1561
    1910
     681
    5351
    4461
    5797
    1307
    3909
    2093
    1175
      90
    5005
    4422
    2245
    4590
    1235
    4517
    3684
    3537
     812
    1382
    1940
    4151
    4795
    3031
    1810
    1927
    1474
    2739
    1230
     254
    4054
    2748
    4995
    4807
    4214
    2893
    5794
    2407
    4039
    4835
    2429
    5389
     146
    4885
    1650
     647
    2694
    4435
    2914
    3941
    4072
    3155
    3506
    1777
    3781
    1978
    3709
    2720
    4042
    3175
    3394
    5996
    3105
    2680
    2189
    5839
    4880
    1271
    5920
    5042
    3663
    5886
     755
      64
     392
     786
     386
    5229
    4802
     370
    3085
    3862
    4927
    2156
    5687
    5926
     328
     346
    3626
    4241
     101
    3386
    2908
     771
    4846
     994
    3159
    3934
     810
    2082
     366
     951
    3546
    1859
     113
    3602
    3565
    1145
    1605
    4088
    3203
    3467
    5399
    1436
    5657
     367
    2249
     130
    2514
    4999
    4810
    1280
    1053
     794
      53
     450
    2686
     519
     914
    5134
     613
    4417
    4704
    4117
    1374
    2052
     386
    5786
    2691
    5089
     645
    5443
    5156
    3057
    1127
     839
    3124
     492
    5023
    4813
    2220
    1564
    5783
    4492
    4259
    4881
     433
    2697
     443
    2452
    4307
    1832
    1420
    1378
    1322
    1079
    2111
    5227
    3815
     624
    4861
    5158
     212
    5250
    1216
    1595
    5751
    2516
    5749
    3404
    3234
    1774
    2967
      26
    5402
    3241
    4341
    3860
    1717
    5359
    4933
    1764
     620
    3924
    4941
    5301
    3295
    4647
    2678
    5914
    3469
    1704
    2344
      47
    1376
    5336
    1384
    2277
    4584
    3422
    5725
    4132
    5036
    5212
    5943
      17
    5291
    3818
    4836
    5986
    4551
    5609
     887
    1645
    1888
    4396
    4605
    4096
     795
     622
    3754
    3247
    2815
    3298
    2958
    5968
    3968
    4236
     704
    3816
     809
    3621
     511
    3354
     890
    2234
    3379
    1470
    4187
    1734
    1510
    3037
     900
     593
    5490
    3027
    2193
    3664
      62
    5958
    2841
    5945
     508
    1253
    5044
    1767
    2713
    5482
    4107
    5931
    1281
    4036
    3182
     954
    4973
    4740
    3975
    1026
    5934
    4639
    1729
    1956
    2637
    1243
      52
    5962
    1122
    2303
    2765
    1851
    1039
    4724
     791
    5461
    3975
     117
    1866
    4438
      27
    1464
     447
    2362
     162
    2522
    1565
    2604
    3858
    5084
    2959
    2436
    4003
    2528
    3790
    5644
    4149
    1024
    3721
    2863
    4234
    4695
    1523
    2182
    5308
    5180
    2228
    5103
    2384
     394
    4615
    4219
    3070
    3711
     535
    1486
    4641
    5045
    5056
     280
    1437
    1775
    4681
    5772
    4045
    2605
     597
    5129
    2450
    5057
    2668
     459
      98
     133
    1465
    4489
    2536
    5502
    5825
      43
    3347
    2831
    1759
    5851
    4404
    2256
     290
    3585
    3316
    4438
    1484
    2289
    5787
    2941
    5834
    2217
    3295
    1675
    1279
    2879
     149
    5414
     325
    3816
    5958
    5277
    4217
    5955
    5221
    1561
    2955
    5858
     234
    4855
    3611
    1350
    3396
    3507
     798
    4949
    4486
    3838
    1189
    3085
    5077
    5460
    1535
    1248
    4287
    1641
    5368
     640
    3714
    3930
    5732
    5792
     391
    4973
    5035
    4587
     563
    4340
    4851
    3658
    1096
    5634
    4045
    3891
     575
