     256
    2734
     517
     483
     611
     290
    1853
    1542
      67
    1132
     672
     323
    3245
    3438
    2298
    3379
    2013
    2631
    3224
    1973
    3867
    2100
     682
    1541
      58
    2127
    2071
     263
    1378
    2489
    2972
     216
     719
    2981
    1084
    3389
     755
    1586
    1468
    3893
     330
     134
    3241
    1954
    2494
    2588
     363
    3310
    2348
    1094
     822
    1405
    1074
    2466
    3014
     767
     917
    2372
    1624
    3435
    3560
     752
    1094
    1812
    1170
    2138
    1447
       8
    3615
    3787
    3819
     123
    2687
    2723
    1349
     318
     970
    1325
    3627
    2431
    3707
    2786
    2225
    2414
    1709
    1897
    2043
    1807
    1165
    2507
    1619
    1884
    2823
     293
    3311
    2890
    3411
    3441
    1276
    3672
    2668
    1255
    3950
    3062
     422
    2762
    2545
    2906
     194
    3501
    3596
     256
    3101
    1657
     364
     629
    1995
    3484
    2513
    1255
    2958
    1353
    2068
      71
     527
    2871
     428
    1788
    2488
    2919
    2974
     196
    3083
    3211
     694
    1662
     487
     782
    1359
    2534
    1453
    1732
    1088
    3811
    1018
    2736
    3162
    2950
    3799
     853
      82
     882
    3621
     772
     861
    3709
    3032
    1879
    1484
    1218
    1849
    1561
    1819
    1882
    3018
    3934
    2529
    1982
     347
    2621
    2192
    2302
      28
     500
    1190
    3173
    2467
    2079
    2552
    2322
     360
    2351
    1951
    2800
    1462
    1314
     492
    2613
     633
    2415
    3446
    1162
    1553
    2800
     108
    1957
     131
     191
     893
    3989
    3648
    3765
    3825
    3692
    3712
    3071
    2252
    3566
     777
    3361
    3486
    2190
    3891
    2234
     404
    3081
    3973
    2288
    2823
    2310
    3444
    3355
    1678
     249
    1207
     587
    2055
    3990
     348
    2700
    3117
    3152
    1216
     825
    1957
     701
    2909
     497
    1558
    2595
    1356
    1388
    3639
     753
    2076
    2475
    3002
    2806
     771
    2117
    2484
    1752
    3231
    1908
    3826
    3247
       0
    1221
    2841
    3423
     448
    1857
    1089
      27
     773
    2517
    1249
    2145
    3214
    3373
    1909
    2989
    3060
    3150
    2050
    1556
    3913
    2692
    2276
     542
    1669
    1623
    1565
    1485
    1064
    2469
    2752
     310
     980
    1772
       5
     409
    3313
    2474
    2891
    2929
    1533
    3477
     382
    3607
     940
     540
    2497
    2989
     502
    3339
    1543
    3603
    3655
    3298
     287
    1658
    2672
    2924
     855
     937
     919
    1528
    3192
    3255
     897
    1565
    3854
    3797
    3765
    1806
    3943
    1299
    1388
    1280
      40
    3816
    1385
     481
    3678
    1615
    3415
     883
    3049
    3062
    1479
    3102
    1458
    2575
    1559
    2212
    2119
    3473
     228
    1392
    2838
    1953
    2151
    1173
    3887
     899
    3627
     713
    2903
    3474
     180
    3101
    1455
      46
    2223
    3858
    3567
    1281
    3563
     665
     427
    2839
    3635
     702
    1555
     692
    3082
    1016
    2694
    1101
    3511
     879
    3961
    1918
    1212
    3891
    3710
    2262
    1902
     143
    1735
    1543
    1473
    3704
    1581
    2420
    3704
    3788
    3308
    3195
     310
    1293
     354
    1835
    3410
     959
    3517
    3938
     998
     291
    3529
    3083
    2256
    3809
    3469
    1295
     481
    1983
    1754
    2471
    2667
      56
     104
    1386
    2402
    2244
    1531
     370
    3806
    1353
    1582
    2950
    2538
    1845
    1033
     855
    2985
    3582
    3948
    3228
    2317
    2732
    2592
    1407
    3184
    1007
    1622
    2129
     706
    2469
    2479
     896
    2077
    3873
    1274
    2086
    3549
     519
    1707
    2604
     579
    3730
     837
    2274
    2893
    3611
    3097
    1174
    3511
    2285
     860
    3397
    3988
    3754
    2956
    2980
     884
    3456
    1443
    2698
    1626
     333
    3004
       3
    1101
    3257
     699
    1487
    2183
    1602
    3030
    1095
     186
    1873
    3339
    3855
    3343
    1528
     681
    3281
     173
     287
    3955
     726
    2388
    3911
    1414
    1549
    3147
     655
    3113
     484
     534
    2266
    2640
    3470
    1465
    2685
    1717
     457
     955
    1828
    2887
    3512
     405
     336
    2814
     124
     425
    3475
    1191
     838
    1481
    3244
     512
     417
     970
    1714
     718
    3609
    2480
    2537
     279
    2473
     312
    1204
     217
    1865
    3434
    2259
    2031
     625
    2351
    1368
      86
    1544
    3348
    3505
    2497
    2496
    1180
    2067
    3664
    1881
    1640
    1138
    1389
    2547
    1169
    1611
    3074
    1716
    2423
    3484
    3013
     615
     730
    1755
    3836
    2894
    1912
    2439
    3148
    3682
     987
    3908
    2971
     225
    2353
    2462
    2815
    2914
    3009
     799
     486
    2298
    1147
    3872
    3302
    2725
    2000
    3020
    3264
    1635
    1503
    2283
    1345
    3763
    3867
    3737
    3301
       4
    3652
     614
     613
     575
    1021
    3500
    3209
    1671
    2420
    1406
    1761
    1551
    3539
     551
     966
    1658
    3305
    3454
    3857
    3836
     824
     188
    1267
     863
    2119
    2135
    3078
    2736
    1479
    2908
    3387
    3351
    1653
      57
    2563
     701
    1312
    1439
    1622
    2778
    2213
    3029
     816
     509
    1789
    1058
     982
    2532
    1559
    2888
    3203
    1174
     273
    1548
    1893
    3732
    2441
    3490
    1822
    3243
      10
    2000
    2377
    1416
    1157
    2525
    1688
    1563
    2185
     808
      22
    1361
    2656
    3153
    1855
    1435
    1939
    2522
    1412
    1082
    3755
    3158
     134
    1157
      83
    1257
     694
     486
    3326
    3744
     373
     532
    3474
    2667
     448
     900
      10
    2882
    3054
    3359
      86
     357
    2927
    3174
     801
    3019
    3493
    2785
    1025
    2878
    3713
    3122
      69
    2286
     503
    2724
    2486
    1854
     576
     852
    1009
     261
    2359
    2201
    1198
    3481
    3759
    2604
    2380
     704
    3462
    3956
    3850
    3709
     451
     200
     587
    2493
    2756
    1292
      61
     243
    3086
    3714
    1058
    3091
     934
     991
    1230
    2843
     104
    3888
    2324
    3277
    3354
      55
    1161
    2682
    3566
     248
     480
     944
    1493
    3970
    3695
     208
    2081
    2862
    2199
    1210
     137
    2107
    3124
    1112
     980
    1404
    1961
    3531
     750
     322
    3015
     630
    3219
    3984
    2702
    3520
    3805
    3466
     355
     716
    2568
    2251
    2704
    2844
    1816
     386
    3283
    3169
    2201
    2530
    3248
     281
    2368
    3234
    3371
    2273
    2387
     940
    2587
    2801
    2219
    3111
     632
    1298
    1874
    1864
     586
    3856
    1864
    3813
    1423
    1747
    1118
    2069
    1197
     462
     531
    1513
    1286
    1181
    3645
    1402
    3495
    1723
    3114
    2624
    1964
    1371
    2090
    3940
    3998
     149
    3069
     314
      71
    2385
    3508
     570
     470
     154
    2108
    2296
    2694
     217
    1229
    1529
    2874
    3658
    1116
    1922
    1840
    1940
    1277
     800
    1322
    1691
    1638
     381
    3382
     603
    3016
     337
     476
    1933
    1093
    3226
    1625
    2516
    2178
    1757
    2224
     198
    3225
    3197
     451
    3741
    3037
    1499
    1926
     420
    2205
    3329
    3868
    1117
    3937
    1088
     706
    1567
    1451
     666
     124
    3145
    3645
    1463
    1046
    2837
    2925
     316
     748
    2010
    1901
    3619
    2840
     592
    3043
    2387
    3923
    3385
    2769
    3441
    1130
    1836
     758
    3584
    2770
    2436
    3544
    1853
     819
    2158
     370
     579
     773
    2662
     525
    1559
    3739
    3844
    2476
    1276
    1090
    2738
     186
     520
      21
    2751
    3798
     405
    3300
    1088
    1500
     508
    2268
    2298
     626
    2368
    1876
    1435
      76
    2315
    1236
    3894
    3820
    2202
     130
    1962
    3509
    1394
     786
    1422
    2849
     401
    2122
    2295
    2254
     584
    1779
    2745
    2677
     759
    3655
     462
    1787
    3784
    2583
    2589
     408
    1739
    1519
     109
     446
    1818
    1270
    1825
    1333
    1743
    3783
     732
    1373
    1379
    1751
    1355
    2665
    2619
    2710
    3167
    1717
    1862
    1409
     987
     447
    1215
    3717
     720
     862
    2125
    2109
     763
    3626
    1670
    2571
     434
    2263
    2938
    1701
    1398
    3167
     230
    2091
    1265
    3672
    2117
    3045
    1228
     916
    1021
    3351
    1889
    2975
    2204
    1758
    2327
    2899
       7
    1560
    3847
     657
    1933
    1362
     573
    3134
    1456
    2356
    1078
     235
    1986
    1381
     451
    1416
    3232
    2369
    3503
      52
    1137
     460
     221
    2487
    1948
    1323
    2633
     691
    1824
      34
    2240
    2551
    3607
     142
    2796
    1296
    2527
    2257
     109
      62
    3236
    1259
    1423
    2459
    3593
    1282
     379
    1525
    3930
    1130
    1673
     596
    3886
     263
    1444
    1845
    2582
    2326
    3600
    2783
    2085
    3476
     905
     834
      35
    2804
    2126
    3864
    1505
    1519
    2008
     371
    2001
    2426
    3246
    1307
    2465
       9
    2994
    3034
    2072
    3175
    1075
    2666
     197
    3907
    1752
    1531
    2292
    2083
    3570
     218
     596
    2592
    3883
    1130
    2707
    1924
    3120
     469
    2047
    1758
     695
    1759
    1562
    1288
    2051
     191
    1896
    2963
      88
    3017
    1860
    2582
     568
      64
     519
    2213
    3274
    1257
    1899
    2617
    1852
    3387
    3102
    1529
     841
    1188
    1683
    3778
    2894
    2200
    3262
    1182
    3458
     174
    2427
    1867
    2303
    1720
    3188
    3964
     836
     188
    2181
    2711
    2376
    2810
    1737
    2343
    3020
     498
     224
    1105
    1654
     781
    3107
     384
    3427
    3728
    3777
    1432
    3814
     159
    3944
     721
     257
    2672
    2537
    3143
     296
    1672
    3532
    1045
    1700
     760
    1894
     510
    2054
    2524
    2131
     972
    2008
    3472
    2524
    2040
    2582
    2503
     274
    1329
    2606
    3312
    2341
    2423
     266
    3973
    3724
    2813
    1111
    3206
     119
    2658
    1174
     835
      20
    2646
     540
    1365
    3082
    1571
    2630
    1945
     634
    3479
    1212
    3571
    3896
    2241
    2997
     454
    2764
      98
    2295
    3170
    3741
     329
    3017
    1100
    2513
    2070
    3029
     840
    2760
     966
    1421
    3966
    1313
     751
     401
    3463
    2941
    1090
    3258
    2460
     327
    3201
    3709
    3155
    1870
    3222
    3619
    1378
    2660
    1626
    3976
    2809
     975
     648
    1291
    3646
    2369
    1547
    2027
    1964
    2832
    2282
    1837
     876
    1080
    3640
      77
    2780
    3559
    2744
    2816
     327
    2008
    3437
    1006
    3131
    3853
    1827
    3862
    3425
    1920
    3566
    3924
    3260
    1853
    1532
    3925
     725
    1806
     198
      74
    2073
    2046
    2059
     121
    1591
    1013
     240
     726
    2421
    1603
     286
     683
    1060
    1903
    3907
    3377
     427
    2786
    2914
    2342
    1471
     849
    2151
    1010
     742
    3562
    2668
    3872
      28
    3560
    1545
    1068
    2270
     971
    2355
    2176
     225
    2618
    1865
     566
    1071
    2392
    3293
     363
     979
    2264
     304
    2468
    1037
     471
    1978
    3289
     843
    1859
     787
      51
     621
     443
    1250
    3789
    3665
    2541
    2649
    2386
     506
    1975
     675
    3296
    1132
    2180
    2486
    1289
    1465
     832
    1415
    1610
    3994
    3817
     765
    3205
    3919
    1618
    1216
    3833
    1609
     969
    3512
    1759
    3353
     649
    2370
    1887
    2842
    3161
    3572
    2820
    3307
    2212
    3208
    2287
    2041
    2754
    1109
     140
    1922
    2718
    3421
    2236
     342
    3632
    2802
    2278
    1875
    3302
    1757
     516
    3802
    2579
      38
    3747
    3690
    1370
    1675
    3935
    2299
    1892
    2553
     323
    1001
     340
    2958
    1825
    2246
    2737
     158
     283
    3701
     487
    3206
    2155
    1997
    1155
    1022
     774
    1291
    3319
    2664
    3726
    1711
     899
     962
    2457
    2836
    2306
    3629
    1123
    2633
     603
    3027
    1595
    3271
    3467
    2423
    2898
     181
     313
    3170
    3284
    1530
    1124
    1719
     154
    1898
     267
    3666
    1102
    2041
    3951
     317
     867
    2798
     426
    1344
     296
    2320
    3991
    1623
    3990
     122
    3065
    3715
      23
    3605
     391
     555
    1380
    3657
    1316
     665
     507
    1380
     623
    2379
     442
     507
     374
     275
    1279
     238
     947
    1056
     161
    1159
     679
    1932
     321
    3344
     909
    2303
    2305
    3749
    2838
    1134
     571
    2508
     270
    1740
     135
    3290
    2045
    2289
     394
    1486
    2904
    3349
    2926
    2159
    3219
     415
    3411
    2541
    1354
    2043
    2584
    3832
    2243
    3001
    1729
    3335
    2208
    3892
    1976
     489
    3863
    1802
    2784
    2984
    2729
     381
    1434
    1425
    3019
    3224
    2546
    2303
      48
    3188
    3372
    1431
      90
    1901
    1729
     446
     281
      58
     888
     480
    3333
    2645
    1365
    3417
    1722
     717
    2812
     340
     603
    3609
     260
     878
    2099
     564
    2696
    2889
    2860
    3580
    2337
    1056
    3230
    2615
    3945
    1869
    3540
    3299
    2374
    3644
    1533
    2486
     113
     627
    3628
     221
    1723
     135
     633
    3668
     164
    3306
    3285
    2184
     280
    1031
     619
    1226
    2799
    2788
    1472
    3551
     925
    2995
    2210
    2434
    3212
    3354
    1183
    2211
    1828
    2182
    3481
     678
    3556
    3939
     877
    3314
    3227
    3469
     521
    2773
    3994
     295
     720
    1229
    3457
    3490
    3064
    2300
    2643
    1334
    1621
    2452
    3200
    2357
    2207
    3761
    1426
    2320
    3063
     571
    1018
    3283
    1520
    3851
    2507
    1947
    2265
    1831
    2050
    1141
    2162
    2346
    1621
    2152
    1813
     141
    3929
    3637
    1771
    3157
    2808
    3024
    2063
    1576
    1804
    3185
    2419
    3793
     627
     904
     833
    2733
    2162
    2425
    1012
    1141
    2213
     418
     577
    3170
    1464
    1156
    1158
    1494
     622
      46
    3797
    2708
    1488
    1297
     334
    2245
    2894
    3835
    1735
     289
    3959
    3419
    1913
    2453
    3905
    3728
     988
    2265
    3871
    1739
    2306
     590
     257
    3371
     994
     127
     656
    2481
    2396
    2289
    1889
    1977
    1931
    2023
    3522
    3671
    1485
    3441
    3952
    3118
    1936
    1741
    3740
    2419
      87
    3349
     640
     547
    2799
    3380
    2549
    3626
    2643
     806
     364
    1003
     162
    3858
    3959
    3442
    3381
    1083
    1005
    1610
    2492
     521
    2350
    3927
    2059
    3450
    3004
    2426
     403
     933
    1321
    3924
    2901
     872
    2028
    2116
    1738
     620
    2793
    2559
    3939
    3885
    3829
    3553
    2675
    2453
     939
    3687
     686
    2364
     261
    1920
    1403
    1167
    3760
    1530
    3443
     827
    1388
     415
    1192
     867
    1890
    1303
     679
    3059
     493
    2719
    1462
    2104
    1878
    1877
     157
    3620
     563
     163
    3987
      91
    3796
    2811
    3485
    3205
    1049
    1869
    3555
    1475
     666
    1231
    3981
    1163
      85
    1522
    1175
    2803
    1620
     388
    1363
    2696
    1044
     309
    2998
     253
     270
       4
    2805
     580
    1775
    2567
    3064
    3005
    3916
    3396
    3942
    1339
    2245
     871
    2558
    1152
    3718
     900
    3942
    2885
    3603
    2848
    1795
    1564
    1059
    2100
    3478
     822
    3196
     873
     688
     873
    3282
     575
    2362
    3674
    2051
    1974
    1722
    3738
    1648
    1320
     182
    3903
    2939
     635
    1753
    3035
     234
    3652
     442
    2323
     788
     977
    2978
     848
    2997
    2762
    3028
    1881
    3354
     692
    2309
    3786
      19
    1946
    3527
    1601
     624
    1400
     240
    3489
    2574
     167
     417
    1315
    2792
    1067
    3048
    2325
    2695
    1158
    2085
    1234
    1795
    1335
    2703
    3776
    1490
    3358
    1366
     673
    1127
    3266
    2911
    2416
    3057
    1301
    2693
    1331
    1410
     921
    2609
     894
      16
    2144
    2921
    3658
    1107
    3435
    3869
    3692
    1470
    3396
    1796
     663
    1435
    3012
    1317
    1841
    1292
    1783
    3623
    3366
    3353
    2111
    3834
    3328
    1932
     847
    3798
    1240
    1526
    2448
      86
    3154
    1579
    3044
    1155
     748
     960
    1725
    1161
    3250
    3178
    2818
    1923
    2471
    3679
    3587
    1831
    2465
    1578
    2333
    1739
     661
    1531
    3364
     561
     122
     835
    1284
      26
    1135
    1350
     845
    1039
     244
     452
    3614
    3546
    3168
     778
    3445
    1144
    3971
    3109
     455
    2250
    2257
    3906
    1172
    1040
    2270
    2281
     247
    3051
    2397
    1189
    2471
    2397
      21
    2999
    2443
    3538
    1876
    2412
    3934
    2691
     862
    2754
    2178
    2034
    2175
    3432
     543
     701
     980
     249
     515
     346
    3584
    3972
     984
    2750
    3460
    1027
    1121
      25
    3977
     447
    1852
    1235
    3046
    1498
    3951
     637
    2807
    3941
    2091
    3123
    3570
    2916
    3384
     113
    2014
     267
    2583
    3639
    1248
    1781
    2747
     352
    1730
    2402
    2670
    2893
     757
      70
    2616
    3083
    3585
    1824
    3624
    2533
    2169
    3509
    2845
    1982
    3547
    2425
     267
    3094
     905
    3640
    3949
    2112
    3297
    1811
    2110
    2685
    1419
    1199
    2287
    1085
    2209
     680
     758
    3367
    2647
    3140
     211
    2756
    1209
    1260
     635
    2478
    2743
    3209
    3204
     780
    1186
     810
     975
    1757
    1051
     902
    3120
    1711
    1599
    2184
    1679
    2431
    1447
     652
    1304
    3345
    3963
    2931
    3429
     822
    2913
    3424
    3640
    3993
     196
      82
    3479
    3561
    2464
    1585
    2843
    3371
    1859
     268
    2730
    2485
     660
    2957
    3590
    3940
    1085
    1272
     699
    2258
     425
    1768
    2983
     511
    2904
    3216
     989
     803
     540
    1046
     986
    1659
     412
    3133
    2243
     549
    3267
    2609
     387
    1034
    1395
     723
     513
    2538
    3960
    2396
    2092
    3788
    2607
     817
     463
    3114
     278
    2830
    1461
     112
    2517
    1606
    1320
    2868
    3413
     469
     725
    1449
     217
    1580
    3064
    3658
    1143
    2643
    2829
    1277
     863
    3454
     595
    1474
    2625
    2936
     171
    1614
    2176
    2117
    1783
     677
    2263
    3117
     219
    2931
     683
    2613
    3780
     971
     510
     440
    3343
     997
    1714
    2706
    3676
    1960
    3782
    1988
    1112
    1053
    3966
    3600
    2367
    1904
    1705
    3221
    3180
    2534
     255
    1645
     802
    2458
    3398
    1247
    1369
    1204
     346
    3163
    1728
     698
      48
    3890
    1829
     181
    2143
     588
    3194
    1384
    2482
    1710
    3554
    3625
    3026
    3419
    1943
    2005
    2378
    2948
    2393
    2330
     967
    1315
    1440
    2388
      57
    3275
    1653
    3095
    2900
     674
    3178
    1552
     740
     293
    1166
    2712
    3549
     528
    1746
     927
     504
    2436
     187
    2050
    1391
    2366
      97
    3220
    2269
    2096
    3557
    3488
    3990
    3191
    2153
    1390
    3518
    2988
    3033
     398
    3931
    2961
    2979
    1024
    2105
    2915
      83
     189
    2004
     570
    3169
    1806
     620
    1358
    3361
    1512
    1977
    2169
    1834
    3881
    3125
    2673
    1812
    2211
    3748
    2551
    1680
    3784
     937
    2881
    2409
     581
    3953
     668
    1956
    2102
    3068
    2980
    1775
    3809
    2042
    3261
    3436
     407
    2796
    1852
    3330
    2456
    2455
    3032
    2339
    1098
    3993
     990
     589
    3804
    2228
    2060
      53
     176
    1397
     285
    2985
     419
     809
    3165
     293
    3757
    1907
    2083
    2195
    1516
     540
    1790
    2356
     247
     250
     609
     728
    1078
     128
    3666
    1789
    2462
    1827
     474
      44
    2661
    3604
    3338
     100
    3173
    3408
    1913
    2869
    1242
    3501
    3746
    1828
      89
    1574
    3442
    3446
    2387
    3697
     118
    3360
    3391
     889
    2280
    2965
     176
    2872
     321
     689
    3803
    1234
     677
    1561
    1091
    2623
     166
     811
    3407
    2694
    2163
    2335
    3382
    2653
    2671
    2863
    2718
    3833
    1590
    1546
    2852
    2936
     106
    1613
     567
    2559
    1813
    3575
    1086
     178
    2346
    1778
     563
    1944
    1779
    3195
    2548
     834
    1043
    1105
    3775
    2313
     958
    1190
    3480
     802
    3536
    3476
    1032
    2611
    1632
    1981
     343
    1948
    3559
    1554
    1467
     672
    3061
    1241
    2146
    1593
     823
    3206
     820
    1322
     997
    1356
     677
     442
    2713
      11
     239
    3886
    2337
    3866
    2608
    1102
     474
    2860
       0
     459
    3422
    1245
    2272
    2599
    2011
    2566
    2572
    2402
     187
    1463
    1648
     140
    3673
    1387
    1015
    1034
     169
    3908
    2675
     847
    3307
    2688
    1144
    1395
    3116
    1265
    3948
     948
    1081
    3261
    3231
    3083
    3056
    1594
    3954
     831
     277
    1818
    1705
    2265
    1628
    1260
    2188
    1603
    1412
    2755
    3670
    1065
    2536
     731
    3564
    2745
    2555
    1256
    3208
    1307
    2495
     945
    2607
    1496
    3899
    1138
     705
    3601
    2916
     620
    2537
    1222
    3595
     396
    2623
    3609
     990
    2896
    2885
    1897
    3771
     769
    3321
    1073
    1099
    2932
      72
    2034
    3334
    2372
    2107
     277
    2847
    2532
    1989
    1904
    3033
    3011
    2747
    3952
    2232
     796
    3618
     804
     716
    3913
    1151
    3681
    1169
    1016
    1200
    3316
    2593
    1997
    3070
    2746
    3890
    2539
    1874
    3565
    2640
    1640
     334
     727
     599
    1995
    1943
     853
    3256
    2234
    3309
     441
       3
       1
    2216
    2768
    3696
     953
    2449
    1620
    3358
    2749
    2196
    1328
     989
     724
    2699
    2299
    2742
    3743
    3332
     286
    1129
    1451
    2650
     750
    2287
    2655
    2054
    1287
    3981
    1966
     294
    2440
     488
      27
    3786
    3125
     930
     936
    2121
     984
    1696
    2152
    3231
    3962
    3111
     651
    1272
    1326
    2727
     214
    1114
    1605
     719
      81
    3887
    3660
    3118
    3955
    1870
    3357
    1845
      63
    3138
    1089
    2620
    1530
    1673
    3149
    1295
    1460
    3517
    1120
    1911
     247
     139
    1737
    1310
    1202
    3376
    1633
    3999
     526
     590
    1329
    3744
    3773
    3455
    1445
     657
    2676
     218
    3365
    1396
    3460
    3822
     773
    2294
    2879
     666
    3171
    3601
     253
    3221
    1502
     917
    1571
     371
      42
     258
     545
     761
     805
    3243
      36
    2693
    1930
     982
    3842
    3160
    2543
      48
    3461
    3130
     913
     786
    3120
     750
    3246
    3724
    2681
    2538
     131
    3649
    3522
    1499
    2283
    1568
    3006
     125
    2318
    1571
     868
    3637
    1248
     739
     721
    2830
    2516
    3831
     297
    3928
    1833
    2679
     222
     522
     661
    1642
      95
    3130
    2286
     464
    1769
    1635
    2678
     921
    1513
    1514
    2376
    3500
    3483
     358
    2248
    3153
     107
    3549
     641
    2139
    1973
    3044
    1222
    2220
    1368
    3046
    2669
    3431
    3303
     129
    2661
    2015
     787
    3424
     313
    1189
    1585
     714
     118
     295
    3698
    2217
    2686
    3207
    3638
    2891
    2301
    2806
    3273
    1953
    2370
    3754
     845
    3325
    3874
     188
    2207
     199
    2365
     718
     147
    3532
     648
    3145
    2781
    3686
     474
    2237
     120
    3013
    2954
    2409
     371
      16
    3523
     771
    3018
    3338
    3449
    3322
    3367
     586
      30
    3238
    3334
    1050
    1292
    1403
    1963
    3918
     475
    3663
    3492
    2246
    1606
     436
     602
    2266
    2405
     303
    3579
    2555
    1049
    2340
    1149
    1678
    1305
    1273
    1907
    2101
    2628
    2953
     246
    2545
     482
    1667
    1183
    1269
    3300
     592
    3027
    2698
    2026
     574
      54
    2249
     882
    1166
    2966
     717
    1205
     758
    3075
    1433
    1738
    3740
    3119
    1508
    3040
     653
    1632
    1193
    2457
    2697
    1134
    1956
    2702
     898
    1936
    3971
    3028
    2266
    1326
     926
    2911
    1044
    3878
    1633
    1987
     338
    3581
    2095
    3468
     494
     710
    3612
    2798
    2005
     125
    1872
     272
    2581
     339
    1715
    1831
    1539
     681
     406
    2444
    3510
    2715
     205
    1050
    2593
     570
    3210
    1862
    3060
    3577
    3406
    1373
     215
     376
    2159
     845
    2764
     754
    3856
     741
     774
    2918
     757
    3854
    1272
    3983
    3649
    3421
    2516
    3093
    3193
    2196
     361
     341
    2772
    1712
    3461
     450
    3405
    1922
    2085
    2688
    2777
     769
     510
     846
     501
    2629
    2309
    1802
    3026
    2858
    3927
     723
    2139
     784
    2768
     873
     182
     605
    2360
    2891
    2572
    3855
    2257
    1062
    2040
    3837
    2976
    3654
    1128
    2189
    2264
    2446
    1224
    3854
    2953
     876
     508
     582
    2800
     273
    1989
    3638
    2905
    1123
    1302
    2052
    1736
    3466
    1758
    2851
     688
     101
    2345
    3781
    2473
    3180
    1017
    2080
     809
    1516
    2832
    1901
    2499
    3439
    2926
    3513
    3747
    2378
    1283
    3166
    3330
    3738
    3977
     326
    1742
     258
    1459
    1195
    2035
     611
    3460
     318
    3099
    2354
    2558
    1937
    3856
    3660
    2607
    1709
    1300
    1016
    2704
    2198
    1888
    2586
    2933
     561
    3386
    3075
    1242
    1681
    1370
     268
    3471
    2249
    1338
    3211
    1587
    2395
    2835
    3525
    2761
    1612
    3641
      34
    2483
     439
    3650
    3914
    2635
    1071
    1392
     815
    1918
    1095
    3883
    2973
     781
    3347
    3835
    2714
    2845
     533
      12
    1129
     255
     812
    1131
    2052
    1839
    2851
    3718
    3690
     319
    2729
    3591
    2552
    1339
    3680
    2449
    1733
    3729
    3328
    3743
    2002
    2260
     764
     434
    3402
    1510
    3451
    3806
    1173
    2373
     188
     765
    2574
    3740
    2132
     499
    1941
    1718
    1517
    1667
    1118
     833
    2804
    3294
    3818
    1087
    3331
    1392
    3289
    3500
    2576
    2176
     309
    1652
    3008
     610
    1463
    2918
    1815
    2913
    3558
    2625
     398
    2731
      47
      94
    1246
     292
    1692
    1137
    3497
    1767
    3107
    1495
    2344
    1656
    1430
    2071
    3082
    2943
     700
     210
    2036
     903
    3181
    2533
     583
    1627
    2974
    1598
     588
    2011
    2497
     494
     309
     636
     702
     496
    1566
    2215
    2278
    3240
    3507
    1808
    2866
     643
    3519
    2033
    1682
     221
    3070
    2792
    1998
     711
     101
    2422
      22
    1188
    2066
    2824
    2032
    2970
     265
    2836
    1691
     816
    1617
     892
    2204
    3636
    2811
    1365
    1321
      15
    1812
    1823
     880
    2228
    2142
     929
    3209
     642
     740
      35
    1562
    2515
    1476
     465
    2391
    1411
    1918
     471
    2340
    2343
    3748
    2014
    3270
     150
    3552
    3107
    3079
    2531
    3163
     222
     404
      96
    1508
    2284
    1060
     336
     391
    1630
    3287
    2361
    3792
    3096
    3494
     259
    2221
    1338
    2406
    1213
    3924
    2218
    3988
     496
    2113
    3588
     548
    3686
    2450
    1332
      13
    1754
    3398
    1800
    1467
    1863
     461
    2082
    2510
    3385
    3841
    2968
    2961
    3272
     481
    3830
     629
    3845
     477
    1701
    1189
    3756
    2124
    2854
    1038
    1294
    3674
    1712
     799
    1511
    3052
    1694
    3580
    3215
    1238
     347
     704
     529
    1412
     580
    1935
    1241
    2567
    1687
    1981
    2902
     117
    1887
     210
    1690
    2399
    3841
    1702
    3915
    2982
    2635
    3422
     844
     587
     769
    3692
    2558
    3295
     109
    1477
    1073
    3813
    1279
      96
    3348
     858
    2165
    3069
     380
     523
    1400
    3616
    2507
    1601
     406
    2404
    3281
     797
    3483
    2866
    2964
    3931
    1349
    3101
    1975
    3341
    2728
    2611
     789
    2951
     720
     836
    1581
    2569
    1317
    2103
     624
    1651
     908
    2439
    3604
    3870
    2237
    2079
    3532
     858
     456
    1317
    1676
    2008
    3620
    2358
    1664
    1689
    2398
    3306
    1327
    1379
    1771
    1375
     368
    2655
    2720
     770
     366
    3183
    1417
    1145
    1270
    1444
     260
    1596
    3678
    2896
    3078
    3594
    3895
    1644
    3723
     437
    2942
     935
    2160
    2580
    2058
    3433
    2354
    2238
    3257
    3987
    1099
    3578
    2673
     110
    2441
    1427
    2241
    1113
    2833
    2695
    1929
    2496
    1542
    1750
     299
    1023
     539
    1440
     465
    3055
    2950
    2078
      68
    3514
    3965
    2703
     923
    1880
     152
    2965
    2031
    2162
    2359
    1030
     356
    1659
    1504
    3807
    2521
    1459
    2286
    3613
     372
    3375
    2875
    2934
    2147
    1324
    3225
    1174
    2975
    1654
     630
    1314
     846
     200
    2865
    3229
    3722
     612
    2609
    3138
     992
     118
    1546
     869
     572
    2788
     305
    1517
    2981
     562
    1410
    1524
    2040
    1664
    3486
    2651
    2811
      99
    2617
    1944
    3804
    2322
    3794
     334
    2057
    3260
    2708
     583
    3227
    2886
      83
    3435
    1854
     944
    3311
    3254
    3816
    3498
    2071
     675
     776
    2737
    3319
    3365
      20
    1492
    1486
    1040
    2677
     393
    1625
     256
      80
    2165
    1301
     386
    2328
     204
     722
     755
    1540
     712
    1024
    3253
    1800
    2554
     393
    3651
    3581
     401
    3978
    3753
     994
    1778
    2807
     461
    1256
     667
    3433
    3763
    2398
    3919
     609
    1948
     948
    1805
     897
    3995
    3265
    2817
    2462
    2505
    1469
    3400
    1570
    2036
    1190
    2810
    1262
    2941
     692
     299
    2475
    1857
     738
    3044
    1712
    3642
     607
    2980
     201
    3998
     300
    1266
     103
    1493
    2681
    3863
    2818
     483
    2563
    3546
     614
    1184
    3815
    2314
    3164
    2324
    1008
     995
    1454
    1972
      69
     397
    3310
    2388
    3731
    3420
    1744
    3677
    2102
    3480
     323
    2039
     148
    2859
    1141
    1466
    2523
    2463
    3819
    3273
    3630
     295
     413
    2060
     143
    2905
     831
    1217
    3779
     331
    1427
    3290
    3805
     974
    2449
    2124
     350
       2
    2094
     254
    3034
    2169
    1841
    3453
    2881
    1594
    1433
    2035
     586
     631
    3136
    3320
    2402
     109
    3489
    2850
     280
     949
    2748
    1211
    1057
    2092
    3265
     744
    1720
    1919
    1335
    3092
    3132
     829
     630
     365
     232
     689
     186
    1337
    1603
      30
    1320
    2598
     608
     904
    2019
    3544
    1781
    1377
     453
    2944
    3917
     976
     760
    3046
    2174
    1135
    2427
     929
    1149
    1737
    1848
    1107
     354
    2903
    2885
    2717
     212
    1600
      39
     973
    3579
    1271
    1480
     629
    2665
    3958
    1110
    3583
    1952
    1563
    1777
    2089
    1140
    2622
    2245
    1062
     505
     936
    2706
    3230
    3491
    2290
    3875
    2979
    3736
    3877
    1772
     154
     928
    3428
    2069
    3255
    3121
    2883
    1733
    1103
    2408
    1171
     796
    2106
    1473
    2841
     906
     407
    1847
     919
    2137
    1927
     326
      74
      59
    1430
    2193
     438
    2174
     102
    1527
    2700
    2440
    2639
     502
     743
    2976
    3900
    1773
    2268
     382
    1790
    1444
    1196
    3617
    2328
     751
     673
    1192
     775
    3039
    2121
     216
    1206
     383
    3941
    3183
    3725
     562
    2324
    2761
    1779
    3094
    1298
      62
    1179
    1883
     472
    2568
    2400
    1535
    1947
    2223
    1426
    3742
    1965
    3960
     852
    2813
