    1424
    1508
    1519
     942
    1726
    1115
    1776
    1418
    1948
    1425
     186
      38
     528
      35
     116
    1965
     633
     142
    1650
    1961
     474
     666
    1600
    1012
    1295
     479
      64
     263
     776
     284
     318
     865
     963
    1414
     635
    1119
     115
    1624
     441
    1302
      46
     453
     343
     423
    1850
    1372
     445
     613
     335
     379
     818
     139
    1720
     615
     360
    1699
    1844
     280
      93
     746
     799
    1098
    1196
     391
      26
    1870
     641
    1634
     815
    1330
    1930
     339
    1589
    1760
    1495
    1399
     657
    1913
     780
     952
    1196
       1
     775
     696
    1709
     512
     712
     249
     710
    1402
    1833
     123
     103
      58
    1170
    1394
    1334
     642
    1908
     898
     635
     689
     709
      92
      58
     602
     329
    1563
    1187
    1826
    1547
    1373
     928
    1341
    1636
     638
      14
    1968
    1417
     711
    1512
     500
       3
     319
     495
     306
    1919
     530
     197
     680
     912
     899
    1722
    1161
     694
     125
     432
    1543
    1252
     779
     906
     944
    1045
    1893
     513
     428
    1510
     550
      45
    1603
    1104
    1370
    1489
     191
    1224
     548
    1765
    1823
    1880
    1893
    1365
    1561
    1783
     774
    1779
    1346
    1681
    1713
    1924
    1819
     667
    1957
    1482
     388
    1120
     538
     428
     945
    1722
    1370
    1756
    1691
       9
     193
    1124
     971
      10
      13
    1198
    1641
    1709
    1971
    1553
     653
     860
     731
     529
    1898
     383
    1948
     336
    1826
     493
    1163
     291
    1829
     586
    1781
     912
     895
     674
    1579
     687
     499
    1159
     270
    1468
     865
    1193
     481
     361
    1531
    1678
     916
     270
     752
    1099
     577
     626
     843
    1139
     101
    1114
     670
     593
    1835
     362
     521
     276
    1250
    1100
     909
    1222
    1692
    1662
    1332
     210
     823
     771
      87
     994
    1752
    1194
     951
    1525
    1138
     801
    1980
    1533
    1477
     294
     778
     398
      27
    1635
    1216
    1962
    1523
    1672
     202
     215
     676
     888
     971
    1737
     945
     238
    1114
    1439
     167
     363
    1688
     760
    1497
    1377
     804
    1387
     501
     980
    1223
     716
     204
     738
     473
     260
    1242
    1914
    1376
     803
     407
    1269
    1634
    1340
    1273
    1520
     117
     125
    1719
     219
    1793
    1738
    1831
     828
    1975
    1883
    1253
     969
    1828
      30
     123
     719
    1885
     425
    1873
    1478
    1201
     376
    1536
    1335
     106
    1314
    1126
    1385
    1374
    1494
      48
    1383
    1456
     802
      71
     520
     562
    1245
      42
    1977
     919
    1812
    1418
     638
    1703
      84
     655
    1505
     913
    1464
     131
    1570
     340
    1842
     627
      54
     220
    1443
     280
     505
    1692
    1846
    1281
     925
    1329
    1896
     919
    1870
     824
     639
    1813
     719
     814
    1690
     684
    1409
    1813
     587
    1057
    1755
    1681
     682
    1293
     173
     748
    1735
     534
     742
    1431
     233
    1188
     484
    1197
    1960
    1052
     409
    1285
    1083
    1160
    1159
    1179
     579
     299
    1462
     400
    1940
    1800
    1238
    1312
     464
     473
     481
    1983
    1454
    1674
     910
     925
     817
      43
     238
     322
    1038
    1113
     145
    1943
    1105
    1585
     136
    1845
    1475
     675
    1522
    1892
    1088
    1680
     326
     754
    1887
     813
     554
      46
    1545
    1032
    1706
     450
     449
     746
    1588
      41
     983
    1512
    1798
     524
    1707
     666
    1143
     245
    1723
    1943
     698
    1820
    1369
    1942
    1514
     808
    1733
     894
     426
     293
      20
     216
     256
    1985
    1797
      25
     550
     219
    1917
     653
     396
    1248
     699
    1473
    1085
      34
     569
    1095
     792
     202
     957
    1349
    1045
    1818
     313
     213
     121
     287
    1145
    1572
    1439
     364
     669
     588
    1997
     697
    1480
     804
      85
     941
     891
    1970
    1040
     184
    1567
    1454
     340
     237
     815
    1436
    1025
     747
    1039
    1332
     175
     196
     127
    1072
    1051
     543
     391
     417
    1877
    1714
     175
    1298
    1397
     830
    1384
     533
      42
     563
     596
    1865
     155
    1612
     147
     853
    1020
     660
     444
    1966
      58
     376
     302
    1485
    1039
    1257
     341
     573
    1149
    1506
    1628
     536
      14
    1107
     901
    1080
    1512
     563
    1802
    1174
     886
     227
     962
    1143
    1277
    1730
    1332
     966
    1801
     937
    1874
     382
     507
    1291
    1784
     995
     620
     234
    1217
    1086
     546
    1527
     810
    1664
    1816
      99
     105
     451
     715
     434
    1591
    1513
    1679
    1135
     337
    1947
    1535
    1782
    1436
      53
     987
     812
    1970
    1328
     592
    1140
    1378
    1995
    1824
    1445
     228
     359
    1532
    1407
    1477
    1018
     989
      16
    1043
    1024
    1633
      67
     115
     374
     787
    1247
      97
    1838
    1052
    1383
     906
     701
      87
    1392
    1933
    1183
     661
     193
     994
     351
    1820
      76
    1326
    1756
     553
    1353
    1950
     509
      40
    1603
      21
     170
    1435
     506
     944
    1080
    1590
    1980
     210
    1174
    1409
    1060
    1442
     744
    1616
     808
     386
     576
     379
     210
    1274
     212
     567
     101
    1537
    1082
     300
    1886
     855
    1020
      83
     509
     464
    1306
     977
     647
     804
    1517
    1917
    1727
     294
     162
     848
     102
      88
     119
      86
     390
    1664
     604
     290
     467
    1579
    1490
    1907
    1982
    1781
    1167
    1874
       7
    1275
     557
     397
    1525
    1732
     195
    1891
     423
     633
     202
    1164
    1974
    1838
     459
    1511
     125
     333
      54
     679
    1807
     451
     525
     389
      79
    1265
    1751
     225
     605
     441
    1288
     766
     358
     686
    1821
    1693
    1465
     343
     891
    1293
    1964
     756
    1907
    1495
    1429
    1145
     248
    1522
    1172
     720
      82
    1694
      48
     261
     139
    1907
    1369
    1662
     257
    1172
     540
    1685
    1404
    1730
     338
    1666
    1627
     492
    1775
    1661
     746
    1852
    1640
    1312
    1311
    1202
     256
     338
     298
     511
    1804
    1364
     997
     469
     940
     598
    1047
    1122
     443
     377
      68
     171
     422
    1936
    1339
     620
     473
    1448
     247
    1814
    1302
    1299
    1864
     312
    1786
     541
    1356
    1236
     785
     161
    1258
    1295
    1551
    1732
    1837
    1408
      92
    1550
    1929
    1793
    1551
    1555
     657
     708
     260
     531
     919
     859
     929
     603
     694
     908
    1958
    1992
    1082
     194
    1458
    1026
    1121
     378
     217
     422
    1130
    1213
     921
     445
    1004
    1840
    1548
    1270
    1696
    1322
    1739
    1491
    1832
    1449
     173
    1716
    1063
    1308
     848
     576
    1386
    1932
    1273
    1100
    1227
     630
     725
    1122
    1786
    1069
     524
    1954
     131
    1355
     570
     808
    1722
     401
     965
     646
    1078
     856
     241
     420
     889
     208
    1006
     793
    1344
     223
    1440
    1668
     466
    1737
     869
    1344
    1182
     343
     368
    1974
    1330
     112
     853
    1744
       4
     655
     487
     530
    1446
    1929
     949
    1667
    1343
     809
     513
       3
     186
     141
    1617
    1093
    1559
    1901
     937
     985
     253
      79
    1311
     542
     996
    1218
     818
    1563
    1754
    1357
     907
     578
      32
     528
     905
     827
     689
    1848
    1681
    1797
     185
     153
    1736
     207
    1311
    1161
    1643
    1246
    1394
     288
    1607
    1666
     454
    1426
     871
      41
     616
     951
     632
    1698
    1175
    1077
    1547
    1957
     591
     955
     807
    1102
    1137
    1684
    1065
    1208
     798
     871
    1677
     913
    1148
     936
     447
    1373
    1644
      23
    1363
     239
     644
    1255
     280
     631
    1862
    1157
     679
    1373
     380
     635
     524
    1545
    1732
     862
    1712
     570
    1721
     447
    1993
     761
    1932
    1088
     134
    1836
     526
     516
    1649
    1680
     634
    1337
     142
    1457
     811
    1361
      14
    1622
     532
     399
     811
    1075
       7
    1537
     383
     657
    1933
     677
    1733
    1423
     883
    1628
    1001
    1711
    1195
     730
    1507
    1792
     363
     531
    1128
    1203
    1054
     792
     992
     907
     223
     671
    1795
     691
    1839
    1098
     488
     665
    1148
    1036
    1741
    1921
    1708
    1805
     946
     396
     491
     701
    1062
    1084
    1697
     890
    1689
     998
     879
    1150
     430
    1811
     569
    1267
    1378
    1792
     625
    1652
     427
     277
       5
     445
     905
    1993
      35
    1190
     863
     812
    1289
     184
    1994
     331
    1542
    1073
     455
    1307
     279
    1902
    1020
    1702
    1895
    1899
     999
     255
     230
     621
    1285
    1077
     579
    1679
     770
     770
    1749
    1087
     564
    1104
    1286
    1478
    1910
    1891
     365
    1758
    1020
    1437
    1499
     403
     976
    1971
     121
     736
    1469
     198
     723
    1860
    1320
       2
    1557
     773
     662
     575
     991
    1804
    1200
     505
     405
      53
    1670
     903
    1466
    1565
    1411
    1480
     108
     395
    1310
    1120
     258
    1576
     218
     252
    1883
      80
     397
     188
    1426
    1177
     325
     800
    1074
     860
     444
     498
     568
    1550
    1413
     605
     601
    1798
    1582
     439
    1054
     942
     594
    1725
     796
    1384
    1245
    1330
     289
    1458
    1533
    1606
     891
     164
    1830
       1
     715
    1962
     659
     400
     848
    1373
    1667
     412
    1254
      80
    1253
    1633
     587
    1780
    1221
    1779
     641
     485
     977
     239
    1535
    1886
    1241
    1996
    1016
    1209
     697
     835
    1272
    1934
    1187
    1357
    1912
    1432
    1910
     777
    1576
    1445
     300
     874
      18
     647
     889
     686
     726
    1336
     580
    1778
    1922
    1762
    1796
    1356
    1479
    1991
    1141
     234
    1575
     755
    1123
    1985
    1916
    1082
     387
    1338
      24
    1321
    1766
     539
     826
    1678
    1764
     825
    1990
    1849
    1748
     699
    1130
     884
    1487
    1521
     975
     798
    1388
     330
    1955
    1496
     470
      10
     119
    1169
    1296
     876
    1301
     153
    1151
     658
    1503
     619
     369
      69
    1397
     582
    1247
     722
     328
    1276
    1125
    1294
     819
     302
     113
    1593
     939
     922
     694
     165
    1352
     165
    1089
    1715
     568
    1724
    1381
     813
    1460
     831
     960
      30
    1548
    1672
    1902
     320
    1903
     806
     160
    1999
    1729
    1823
     781
     151
     703
     668
     464
    1868
    1158
     205
    1670
     622
     456
     430
    1353
    1967
     336
    1220
     332
     887
     286
    1313
    1396
     516
    1472
    1543
    1438
      95
     241
    1605
    1331
    1489
      75
    1301
    1594
      89
    1982
     787
    1516
    1785
     443
     840
     380
     841
    1185
    1598
    1855
      33
    1552
    1518
     118
       7
    1915
    1239
    1006
    1412
    1062
       0
       9
    1199
     187
    1578
    1527
     590
     267
    1264
    1753
    1609
     668
     614
    1158
    1393
     278
    1501
     105
     678
    1927
    1653
    1268
     935
    1126
     822
     880
      74
    1294
    1761
     169
     519
     639
     337
    1046
    1224
    1706
    1355
    1588
    1589
    1597
     787
     761
    1183
     896
     216
    1165
     748
     291
    1576
      57
    1661
     434
    1836
     259
    1152
    1283
     510
    1631
     994
     228
     887
     559
    1550
    1773
    1844
    1190
     719
     878
     681
     508
     334
      74
    1316
     283
     474
    1159
    1651
    1440
    1227
    1327
     235
     352
    1436
    1069
    1946
    1840
    1989
     740
     572
     607
     468
    1626
    1405
     703
    1416
       2
     304
    1310
     772
     267
    1941
     254
    1837
     597
    1930
    1838
     655
     221
    1901
     258
     513
    1251
     327
    1056
    1947
    1981
    1288
    1904
     857
    1392
    1887
     446
     978
     993
     873
      96
    1208
     845
     256
     192
     856
     846
    1961
    1171
     802
     947
    1755
     161
    1696
     958
     687
    1184
    1760
     248
    1663
    1472
     356
    1535
     503
    1996
      25
    1287
    1472
     537
    1428
     211
    1845
    1953
    1213
     433
      37
     431
    1808
     618
     452
    1742
     672
     606
    1976
     574
    1401
    1868
    1289
    1687
     192
    1734
      22
    1602
      86
     665
    1418
    1396
    1672
    1034
    1154
    1434
     141
    1180
     549
    1357
    1969
     797
     680
     945
    1094
    1776
     862
     254
    1050
    1299
      37
     990
    1515
    1935
     566
    1921
    1096
    1481
    1307
    1242
      67
     264
     113
    1706
    1205
     337
     797
     189
     345
     977
     300
     681
    1537
     983
    1738
    1041
      18
    1500
    1112
    1444
     387
    1742
     789
    1581
    1724
    1032
    1895
    1474
     386
    1568
     599
     715
     364
     938
     918
     991
    1377
    1328
    1360
    1105
     419
    1765
     783
     590
    1300
    1969
    1042
     385
    1568
    1906
    1000
    1360
    1774
    1597
     117
    1101
    1720
     181
     781
     760
     776
    1978
    1562
    1099
     976
      55
    1461
    1998
    1134
     349
     131
     929
    1459
     588
    1091
     190
     481
    1066
    1029
     167
     537
    1693
    1805
     682
    1813
    1801
    1690
    1031
     178
    1167
    1658
    1218
       4
     705
     333
    1367
     788
    1284
     730
    1061
    1599
     390
     673
     920
    1648
    1054
    1805
    1089
    1589
    1790
     930
    1812
     653
    1112
    1947
    1147
      99
     751
     251
    1433
     959
    1560
     659
    1905
    1791
     253
      73
    1694
    1280
    1873
    1301
     156
    1297
     241
    1629
    1185
     822
    1282
    1052
     136
    1782
     793
    1619
     839
    1278
     164
    1244
     722
     613
     162
     590
    1406
     895
     217
    1251
    1857
    1959
    1758
    1110
     844
     553
    1081
    1281
     536
     456
    1834
    1911
    1719
     574
    1936
     805
    1092
      40
     745
    1586
    1652
    1865
     731
     346
    1718
     824
    1268
     600
     658
     497
     457
     656
     759
     500
     157
     624
    1239
     109
    1831
    1238
     205
    1229
     555
     879
    1619
    1799
     235
    1476
     839
     738
    1083
     872
    1688
     358
     491
      56
    1944
     366
     800
     968
     403
      44
     140
      74
    1878
    1859
    1413
    1671
     489
     593
    1854
    1168
    1596
    1019
     738
     827
     547
    1666
      87
    1374
    1326
     372
    1031
     694
     323
    1986
    1713
     249
     536
    1853
    1238
     158
     626
    1132
    1195
     170
     321
    1252
     442
    1692
    1496
    1197
    1154
    1931
     752
    1724
    1135
     370
    1662
     197
    1985
     583
    1532
    1132
    1922
    1541
    1572
    1683
     767
    1303
    1780
    1265
    1800
    1263
      77
     530
    1419
    1291
     482
     383
     126
     902
    1629
    1903
    1964
     168
    1341
    1270
    1443
     151
     936
      70
    1892
     888
     650
    1260
    1627
     818
    1935
    1575
     970
     410
    1524
     467
     463
    1845
     805
    1508
     611
     199
     499
     662
     367
    1818
    1581
     898
    1315
    1851
     994
     857
    1544
     398
    1556
     266
     711
    1923
      15
     555
    1382
     117
    1679
     515
     191
     168
     275
     926
     313
    1592
     344
      87
     357
     257
    1539
     721
     417
    1542
     477
    1874
    1787
     219
    1510
    1303
    1284
     858
    1118
    1125
     623
    1254
     508
     162
    1366
